object={
	name="Brown_bear"
	clamp_to_water_level=yes
	render_under_water=yes
	generated_content=no
	layer="temp_layer"
	entity="brown_bear_entity"
	count=5
	transform="3325.041504 0.000000 1757.236694 0.000000 -0.326273 -0.000000 -0.945276 0.723856 0.723856 0.723856
3152.948242 0.000000 1772.378662 0.000000 -0.575122 0.000000 -0.818067 0.214215 0.214215 0.214215
3152.032715 0.000000 1773.391602 0.000000 -0.248646 0.000000 0.968594 0.214215 0.214215 0.214215
3152.973145 0.000000 1773.520630 0.000000 0.366954 0.000000 0.930239 0.411462 0.411462 0.411462
3179.086670 0.000000 1681.552002 0.000000 -0.780368 0.000000 -0.625320 0.516626 0.516626 0.516626
"}
object={
	name="Camel"
	clamp_to_water_level=yes
	render_under_water=yes
	generated_content=no
	layer="temp_layer"
	entity="camel_entity"
	count=3
	transform="595.901306 0.000000 610.000549 0.000000 -0.746071 0.000000 -0.665866 1.000000 1.000000 1.000000
802.610046 0.000000 696.777466 0.000000 0.000000 0.000000 1.000000 1.000000 1.000000 1.000000
405.654785 0.000000 677.664795 0.000000 0.000000 0.000000 1.000000 1.000000 1.000000 1.000000
"}
object={
	name="Crocodile"
	clamp_to_water_level=yes
	render_under_water=yes
	generated_content=no
	layer="temp_layer"
	entity="crocodile_entity"
	count=2
	transform="1869.267456 0.000000 162.297134 0.000000 0.000000 0.000000 1.000000 1.000000 1.000000 1.000000
2060.511719 0.000000 379.670013 0.000000 0.000000 0.000000 1.000000 1.000000 1.000000 1.000000
"}
object={
	name="Eagle"
	clamp_to_water_level=yes
	render_under_water=yes
	generated_content=no
	layer="temp_layer"
	entity="eagle_entity"
	count=7
	transform="3012.181152 5.941895 1152.170532 0.000000 -0.629807 0.000000 0.776752 1.149756 1.149756 1.149756
2727.627441 2.653687 1451.410278 0.000000 0.000000 0.000000 1.000000 1.000000 1.000000 1.000000
3152.310791 10.530273 1972.256104 0.000000 0.000000 0.000000 1.000000 1.000000 1.000000 1.000000
2190.454102 12.879517 1947.347412 0.000000 0.000000 0.000000 1.000000 1.000000 1.000000 1.000000
3274.459229 10.356445 1769.689697 0.000000 -0.834135 0.000000 -0.551560 2.025049 2.025049 2.025049
3375.496094 9.394775 1737.420532 0.000000 0.000000 0.000000 1.000000 2.025049 2.025049 2.025049
3177.923096 7.838501 1741.470093 0.000000 0.000000 0.000000 1.000000 1.000000 1.000000 1.000000
"}
object={
	name="elephant_african"
	clamp_to_water_level=yes
	render_under_water=yes
	generated_content=no
	layer="temp_layer"
	entity="elephant_african_entity"
	count=2
	transform="2926.249023 0.000000 165.272369 0.000000 -0.983729 0.000000 -0.179656 1.000000 1.000000 1.000000
2860.476074 0.000000 215.680420 0.000000 -0.508753 0.000000 -0.860913 1.000000 1.000000 1.000000
"}
object={
	name="giraffe"
	clamp_to_water_level=yes
	render_under_water=yes
	generated_content=no
	layer="temp_layer"
	entity="giraffe_entity"
	count=0
}
object={
	name="Morrigon_dragon"
	clamp_to_water_level=yes
	render_under_water=yes
	generated_content=no
	layer="temp_layer"
	entity="dragon_01_entity"
	count=1
	transform="3809.844482 0.000000 1581.197388 0.000000 -0.799764 0.000000 -0.600315 0.168273 0.168273 0.168273
"}
object={
	name="Polar_bear"
	clamp_to_water_level=yes
	render_under_water=yes
	generated_content=no
	layer="temp_layer"
	entity="polar_bear_entity"
	count=0
}
object={
	name="seagulls"
	clamp_to_water_level=yes
	render_under_water=no
	generated_content=no
	layer="temp_layer"
	entity="seagull_port_entity"
	count=10
	transform="2288.158447 0.000000 1209.836914 0.000000 0.000000 0.000000 1.000000 1.000000 1.000000 1.000000
3056.701416 0.000000 945.272461 0.000000 0.998236 0.000000 0.059378 1.000000 1.000000 1.000000
2732.974121 0.000000 1055.887939 0.000000 0.000000 0.000000 1.000000 1.000000 1.000000 1.000000
2737.556396 0.000000 1757.827026 0.000000 0.000000 0.000000 1.000000 1.000000 1.000000 1.000000
2723.757812 0.000000 1375.768066 0.000000 0.000000 0.000000 1.000000 1.000000 1.000000 1.000000
601.707764 0.000000 790.647888 0.000000 0.000000 0.000000 1.000000 1.000000 1.000000 1.000000
1488.330566 0.000000 973.481201 0.000000 0.000000 0.000000 1.000000 1.000000 1.000000 1.000000
1973.212769 0.000000 862.636597 0.000000 0.000000 0.000000 1.000000 1.000000 1.000000 1.000000
2244.915771 0.000000 1769.016113 0.000000 0.000000 0.000000 1.000000 1.000000 1.000000 1.000000
3084.524414 0.430176 1760.058594 0.000000 0.000000 0.000000 1.000000 1.000000 1.000000 1.000000
"}
object={
	name="Seals"
	clamp_to_water_level=yes
	render_under_water=yes
	generated_content=no
	layer="temp_layer"
	entity="seal_entity"
	count=0
}
object={
	name="whales"
	clamp_to_water_level=yes
	render_under_water=yes
	generated_content=no
	layer="temp_layer"
	entity="whale_entity"
	count=9
	transform="2674.822510 0.000000 759.227051 0.000000 0.000000 0.000000 1.000000 1.443402 1.443402 1.443402
3223.211670 0.000000 207.371979 0.000000 0.000000 0.000000 1.000000 1.000000 1.000000 1.000000
3621.972412 0.000000 495.083466 0.000000 0.000000 0.000000 1.000000 1.000000 1.000000 1.000000
2125.222168 0.000000 682.402466 0.000000 0.000000 0.000000 1.000000 1.000000 1.000000 1.000000
893.254761 0.000000 1276.627075 0.000000 0.000000 0.000000 1.000000 1.000000 1.000000 1.000000
2506.926025 0.000000 1742.680664 0.000000 0.000000 0.000000 1.000000 1.000000 1.000000 1.000000
3088.328857 0.000000 1752.699707 0.000000 0.271600 0.000000 0.962410 0.116931 0.116931 0.116931
3087.913574 0.000000 1753.203125 0.000000 0.152268 0.000000 0.988339 0.116931 0.116931 0.116931
3087.913574 0.000000 1753.203125 0.000000 0.000000 0.000000 1.000000 0.116931 0.116931 0.116931
"}
object={
	name="zebra"
	clamp_to_water_level=yes
	render_under_water=yes
	generated_content=no
	layer="temp_layer"
	entity="zebra_entity"
	count=0
}
