object={
	name="amb_3D_desert_emitter"
	clamp_to_water_level=no
	render_under_water=no
	generated_content=no
	layer="building_layer"
	entity="map_ambient_3D_desert"
	count=27
	transform="2472.881104 0.000000 453.150757 0.000000 0.000000 0.000000 1.000000 1.000000 1.000000 1.000000
719.230469 0.000000 167.812561 0.000000 0.000000 0.000000 1.000000 1.000000 1.000000 1.000000
784.521912 0.000000 465.874115 0.000000 0.000000 0.000000 1.000000 1.000000 1.000000 1.000000
983.894470 0.000000 200.535583 0.000000 0.000000 0.000000 1.000000 1.000000 1.000000 1.000000
1064.278931 0.000000 534.281128 0.000000 0.000000 0.000000 1.000000 1.000000 1.000000 1.000000
1248.537598 0.000000 218.145950 0.000000 0.000000 0.000000 1.000000 1.000000 1.000000 1.000000
1342.253906 0.000000 482.468750 0.000000 0.000000 0.000000 1.000000 1.000000 1.000000 1.000000
1461.056396 0.000000 155.315765 0.000000 0.000000 0.000000 1.000000 1.000000 1.000000 1.000000
1551.107056 0.000000 443.939087 0.000000 0.000000 0.000000 1.000000 1.000000 1.000000 1.000000
1695.930420 0.000000 271.070190 0.000000 0.000000 0.000000 1.000000 1.000000 1.000000 1.000000
2128.252686 0.000000 76.221512 0.000000 0.000000 0.000000 1.000000 1.000000 1.000000 1.000000
2196.790527 0.000000 197.152893 0.000000 0.000000 0.000000 1.000000 1.000000 1.000000 1.000000
2246.003418 0.000000 328.667938 0.000000 0.000000 0.000000 1.000000 1.000000 1.000000 1.000000
2294.217041 0.000000 85.013077 0.000000 0.000000 0.000000 1.000000 1.000000 1.000000 1.000000
2368.474121 0.000000 225.250305 0.000000 0.000000 0.000000 1.000000 1.000000 1.000000 1.000000
2444.947510 0.000000 83.319153 0.000000 0.000000 0.000000 1.000000 1.000000 1.000000 1.000000
2516.093262 0.000000 219.881775 0.000000 0.000000 0.000000 1.000000 1.000000 1.000000 1.000000
2494.347412 0.000000 326.239899 0.000000 0.000000 0.000000 1.000000 1.000000 1.000000 1.000000
2475.565674 0.000000 451.535522 0.000000 0.000000 0.000000 1.000000 1.000000 1.000000 1.000000
2560.449707 0.000000 423.369629 0.000000 0.000000 0.000000 1.000000 1.000000 1.000000 1.000000
2606.947510 0.000000 203.098480 0.000000 0.000000 0.000000 1.000000 1.000000 1.000000 1.000000
2751.094727 0.000000 51.894043 0.000000 0.000000 0.000000 1.000000 1.000000 1.000000 1.000000
2888.975586 0.000000 136.449783 0.000000 0.000000 0.000000 1.000000 1.000000 1.000000 1.000000
407.176849 0.000000 158.951355 0.000000 0.000000 0.000000 1.000000 1.000000 1.000000 1.000000
152.202759 0.000000 162.126099 0.000000 0.000000 0.000000 1.000000 1.000000 1.000000 1.000000
193.182648 0.000000 654.504700 0.000000 0.000000 0.000000 1.000000 1.000000 1.000000 1.000000
171.213867 0.000000 670.737549 0.000000 0.000000 0.000000 1.000000 1.000000 1.000000 1.000000
"}
object={
	name="amb_3D_field_emitter"
	clamp_to_water_level=no
	render_under_water=no
	generated_content=no
	layer="building_layer"
	entity="map_ambient_3D_field"
	count=11
	transform="4026.779297 0.000000 558.909546 0.000000 0.000000 0.000000 1.000000 1.000000 1.000000 1.000000
3980.663574 0.000000 637.002991 0.000000 0.000000 0.000000 1.000000 1.000000 1.000000 1.000000
4046.462158 0.000000 747.875427 0.000000 0.000000 0.000000 1.000000 1.000000 1.000000 1.000000
4000.575439 0.000000 811.175659 0.000000 0.000000 0.000000 1.000000 1.000000 1.000000 1.000000
3626.605713 0.000000 889.618103 0.000000 0.000000 0.000000 1.000000 1.000000 1.000000 1.000000
3091.805908 0.000000 1000.931152 0.000000 0.000000 0.000000 1.000000 1.000000 1.000000 1.000000
1882.932983 0.000000 829.535278 0.000000 0.000000 0.000000 1.000000 1.000000 1.000000 1.000000
1759.024536 0.000000 825.703369 0.000000 0.000000 0.000000 1.000000 1.000000 1.000000 1.000000
1316.469360 0.000000 930.887939 0.000000 0.000000 0.000000 1.000000 1.000000 1.000000 1.000000
790.331360 0.000000 719.870544 0.000000 0.000000 0.000000 1.000000 1.000000 1.000000 1.000000
199.306473 0.000000 871.155457 0.000000 0.000000 0.000000 1.000000 1.000000 1.000000 1.000000
"}
object={
	name="amb_3D_forest_emitter"
	clamp_to_water_level=no
	render_under_water=no
	generated_content=no
	layer="building_layer"
	entity="map_ambient_3D_forest"
	count=22
	transform="3449.980713 0.000000 1216.045044 0.000000 0.000000 0.000000 1.000000 1.000000 1.000000 1.000000
3535.059570 0.000000 1253.564819 0.000000 0.000000 0.000000 1.000000 1.000000 1.000000 1.000000
3636.434814 0.000000 1364.083252 0.000000 0.000000 0.000000 1.000000 1.000000 1.000000 1.000000
3661.793945 0.000000 1508.129517 0.000000 0.000000 0.000000 1.000000 1.000000 1.000000 1.000000
3451.459961 0.000000 1508.821655 0.000000 0.000000 0.000000 1.000000 1.000000 1.000000 1.000000
3351.893799 0.000000 1550.484863 0.000000 0.000000 0.000000 1.000000 1.000000 1.000000 1.000000
3139.556396 0.000000 1372.565186 0.000000 0.000000 0.000000 1.000000 1.000000 1.000000 1.000000
2275.534668 0.000000 1691.539185 0.000000 0.000000 0.000000 1.000000 1.000000 1.000000 1.000000
2147.890625 0.000000 1793.123657 0.000000 0.000000 0.000000 1.000000 1.000000 1.000000 1.000000
2370.504150 0.000000 1827.596924 0.000000 0.000000 0.000000 1.000000 1.000000 1.000000 1.000000
2466.670654 0.000000 1896.460327 0.000000 0.000000 0.000000 1.000000 1.000000 1.000000 1.000000
2633.876221 0.000000 1761.500977 0.000000 0.000000 0.000000 1.000000 1.000000 1.000000 1.000000
2795.626465 0.000000 1412.907471 0.000000 0.000000 0.000000 1.000000 1.000000 1.000000 1.000000
2693.178955 0.000000 1150.438110 0.000000 0.000000 0.000000 1.000000 1.000000 1.000000 1.000000
1952.458740 0.000000 28.644123 0.000000 0.000000 0.000000 1.000000 1.000000 1.000000 1.000000
1733.472778 0.000000 18.905844 0.000000 0.000000 0.000000 1.000000 1.000000 1.000000 1.000000
3291.615479 0.000000 1939.799683 0.000000 0.000000 0.000000 1.000000 1.000000 1.000000 1.000000
3372.095703 0.000000 2012.144653 0.000000 0.000000 0.000000 1.000000 1.000000 1.000000 1.000000
3019.034180 0.000000 2156.246338 0.000000 0.000000 0.000000 1.000000 1.000000 1.000000 1.000000
3114.765381 0.000000 2122.186279 0.000000 0.000000 0.000000 1.000000 1.000000 1.000000 1.000000
2997.000732 0.000000 2030.928955 0.000000 0.000000 0.000000 1.000000 1.000000 1.000000 1.000000
2900.471436 0.000000 1925.119263 0.000000 0.000000 0.000000 1.000000 1.000000 1.000000 1.000000
"}
object={
	name="amb_3D_mountain_emitter"
	clamp_to_water_level=no
	render_under_water=no
	generated_content=no
	layer="building_layer"
	entity="map_ambient_3D_mountain"
	count=131
	transform="28.908691 0.000000 1078.060669 0.000000 0.000000 0.000000 1.000000 1.000000 1.000000 1.000000
101.492340 0.000000 923.334961 0.000000 0.000000 0.000000 1.000000 1.000000 1.000000 1.000000
225.178452 0.000000 986.567932 0.000000 0.000000 0.000000 1.000000 1.000000 1.000000 1.000000
277.175751 0.000000 917.800232 0.000000 0.000000 0.000000 1.000000 1.000000 1.000000 1.000000
395.806305 0.000000 964.006042 0.000000 0.000000 0.000000 1.000000 1.000000 1.000000 1.000000
476.493195 0.000000 1019.064087 0.000000 0.000000 0.000000 1.000000 1.000000 1.000000 1.000000
559.244690 0.000000 1096.413330 0.000000 0.000000 0.000000 1.000000 1.000000 1.000000 1.000000
677.711182 0.000000 1065.509644 0.000000 0.000000 0.000000 1.000000 1.000000 1.000000 1.000000
700.918823 0.000000 929.223877 0.000000 0.000000 0.000000 1.000000 1.000000 1.000000 1.000000
262.036835 0.000000 320.335785 0.000000 0.000000 0.000000 1.000000 1.000000 1.000000 1.000000
105.380455 0.000000 383.054901 0.000000 0.000000 0.000000 1.000000 1.000000 1.000000 1.000000
211.555008 0.000000 558.287720 0.000000 0.000000 0.000000 1.000000 1.000000 1.000000 1.000000
251.241165 0.000000 473.695129 0.000000 0.000000 0.000000 1.000000 1.000000 1.000000 1.000000
201.539215 0.000000 468.715820 0.000000 0.000000 0.000000 1.000000 1.000000 1.000000 1.000000
334.470337 0.000000 456.671234 0.000000 0.000000 0.000000 1.000000 1.000000 1.000000 1.000000
367.483429 0.000000 537.262085 0.000000 0.000000 0.000000 1.000000 1.000000 1.000000 1.000000
471.098083 0.000000 575.872253 0.000000 0.000000 0.000000 1.000000 1.000000 1.000000 1.000000
973.887329 0.000000 698.345581 0.000000 0.000000 0.000000 1.000000 1.000000 1.000000 1.000000
1019.483459 0.000000 755.831909 0.000000 0.000000 0.000000 1.000000 1.000000 1.000000 1.000000
1103.495728 0.000000 874.007812 0.000000 0.000000 0.000000 1.000000 1.000000 1.000000 1.000000
1178.164917 0.000000 946.592834 0.000000 0.000000 0.000000 1.000000 1.000000 1.000000 1.000000
1253.938599 0.000000 1024.952393 0.000000 0.000000 0.000000 1.000000 1.000000 1.000000 1.000000
1188.731323 0.000000 1094.179688 0.000000 0.000000 0.000000 1.000000 1.000000 1.000000 1.000000
1483.053711 0.000000 1079.338135 0.000000 0.000000 0.000000 1.000000 1.000000 1.000000 1.000000
1395.893799 0.000000 849.944458 0.000000 0.000000 0.000000 1.000000 1.000000 1.000000 1.000000
1330.694458 0.000000 856.093140 0.000000 0.000000 0.000000 1.000000 1.000000 1.000000 1.000000
1620.433350 0.000000 850.692383 0.000000 0.000000 0.000000 1.000000 1.000000 1.000000 1.000000
1653.192383 0.000000 899.454041 0.000000 0.000000 0.000000 1.000000 1.000000 1.000000 1.000000
1711.256348 0.000000 871.772827 0.000000 0.000000 0.000000 1.000000 1.000000 1.000000 1.000000
1750.676392 0.000000 908.467163 0.000000 0.000000 0.000000 1.000000 1.000000 1.000000 1.000000
1779.408691 0.000000 955.235840 0.000000 0.000000 0.000000 1.000000 1.000000 1.000000 1.000000
1833.456909 0.000000 978.862366 0.000000 0.000000 0.000000 1.000000 1.000000 1.000000 1.000000
1852.278687 0.000000 1012.207947 0.000000 0.000000 0.000000 1.000000 1.000000 1.000000 1.000000
1874.548462 0.000000 1048.974121 0.000000 0.000000 0.000000 1.000000 1.000000 1.000000 1.000000
1907.691772 0.000000 1046.194824 0.000000 0.000000 0.000000 1.000000 1.000000 1.000000 1.000000
1904.399536 0.000000 1098.538818 0.000000 0.000000 0.000000 1.000000 1.000000 1.000000 1.000000
2403.856934 0.000000 660.920044 0.000000 0.000000 0.000000 1.000000 1.000000 1.000000 1.000000
2422.254395 0.000000 603.166687 0.000000 0.000000 0.000000 1.000000 1.000000 1.000000 1.000000
2106.346436 0.000000 342.275940 0.000000 0.000000 0.000000 1.000000 1.000000 1.000000 1.000000
2181.788086 0.000000 380.155029 0.000000 0.000000 0.000000 1.000000 1.000000 1.000000 1.000000
1984.656128 0.000000 287.188629 0.000000 0.000000 0.000000 1.000000 1.000000 1.000000 1.000000
2031.780640 0.000000 423.640625 0.000000 0.000000 0.000000 1.000000 1.000000 1.000000 1.000000
1883.179321 0.000000 421.731201 0.000000 0.000000 0.000000 1.000000 1.000000 1.000000 1.000000
1780.568848 0.000000 543.821106 0.000000 0.000000 0.000000 1.000000 1.000000 1.000000 1.000000
1840.251465 0.000000 108.868759 0.000000 0.000000 0.000000 1.000000 1.000000 1.000000 1.000000
1982.815430 0.000000 13.411266 0.000000 0.000000 0.000000 1.000000 1.000000 1.000000 1.000000
1945.776367 0.000000 178.193192 0.000000 0.000000 0.000000 1.000000 1.000000 1.000000 1.000000
1717.895386 0.000000 107.612640 0.000000 0.000000 0.000000 1.000000 1.000000 1.000000 1.000000
1698.487915 0.000000 48.210564 0.000000 0.000000 0.000000 1.000000 1.000000 1.000000 1.000000
3111.688721 0.000000 661.712646 0.000000 0.000000 0.000000 1.000000 1.000000 1.000000 1.000000
3159.027832 0.000000 698.644836 0.000000 0.000000 0.000000 1.000000 1.000000 1.000000 1.000000
3096.620117 0.000000 728.410461 0.000000 0.000000 0.000000 1.000000 1.000000 1.000000 1.000000
3114.011475 0.000000 769.220520 0.000000 0.000000 0.000000 1.000000 1.000000 1.000000 1.000000
3039.900635 0.000000 770.269043 0.000000 0.000000 0.000000 1.000000 1.000000 1.000000 1.000000
2967.514648 0.000000 785.522827 0.000000 0.000000 0.000000 1.000000 1.000000 1.000000 1.000000
3125.276367 0.000000 885.855286 0.000000 0.000000 0.000000 1.000000 1.000000 1.000000 1.000000
3151.297119 0.000000 925.787659 0.000000 0.000000 0.000000 1.000000 1.000000 1.000000 1.000000
3169.238037 0.000000 958.996094 0.000000 0.000000 0.000000 1.000000 1.000000 1.000000 1.000000
3183.950928 0.000000 1030.056274 0.000000 0.000000 0.000000 1.000000 1.000000 1.000000 1.000000
3274.612549 0.000000 1076.118408 0.000000 0.000000 0.000000 1.000000 1.000000 1.000000 1.000000
3316.175049 0.000000 1052.197266 0.000000 0.000000 0.000000 1.000000 1.000000 1.000000 1.000000
3323.721191 0.000000 1145.258545 0.000000 0.000000 0.000000 1.000000 1.000000 1.000000 1.000000
3242.380615 0.000000 1175.204712 0.000000 0.000000 0.000000 1.000000 1.000000 1.000000 1.000000
3160.873047 0.000000 1175.733765 0.000000 0.000000 0.000000 1.000000 1.000000 1.000000 1.000000
3022.684082 0.000000 1146.562988 0.000000 0.000000 0.000000 1.000000 1.000000 1.000000 1.000000
2984.562744 0.000000 1166.697266 0.000000 0.000000 0.000000 1.000000 1.000000 1.000000 1.000000
3011.403809 0.000000 1217.050903 0.000000 0.000000 0.000000 1.000000 1.000000 1.000000 1.000000
3020.986328 0.000000 1266.198120 0.000000 0.000000 0.000000 1.000000 1.000000 1.000000 1.000000
3088.544678 0.000000 1293.675415 0.000000 0.000000 0.000000 1.000000 1.000000 1.000000 1.000000
3172.259521 0.000000 1269.657471 0.000000 0.000000 0.000000 1.000000 1.000000 1.000000 1.000000
3259.457764 0.000000 1256.740356 0.000000 0.000000 0.000000 1.000000 1.000000 1.000000 1.000000
3161.760010 0.000000 1442.194458 0.000000 0.000000 0.000000 1.000000 1.000000 1.000000 1.000000
3228.213379 0.000000 1457.051514 0.000000 0.000000 0.000000 1.000000 1.000000 1.000000 1.000000
3113.904541 0.000000 1532.096436 0.000000 0.000000 0.000000 1.000000 1.000000 1.000000 1.000000
3093.055420 0.000000 1559.619995 0.000000 0.000000 0.000000 1.000000 1.000000 1.000000 1.000000
2992.557129 0.000000 1546.026123 0.000000 0.000000 0.000000 1.000000 1.000000 1.000000 1.000000
2902.613525 0.000000 1580.669312 0.000000 0.000000 0.000000 1.000000 1.000000 1.000000 1.000000
2850.272705 0.000000 1471.026733 0.000000 0.000000 0.000000 1.000000 1.000000 1.000000 1.000000
2792.760254 0.000000 1482.588013 0.000000 0.000000 0.000000 1.000000 1.000000 1.000000 1.000000
2730.199219 0.000000 1452.810059 0.000000 0.000000 0.000000 1.000000 1.000000 1.000000 1.000000
2758.980225 0.000000 1519.278076 0.000000 0.000000 0.000000 1.000000 1.000000 1.000000 1.000000
2674.119385 0.000000 1508.212280 0.000000 0.000000 0.000000 1.000000 1.000000 1.000000 1.000000
2713.554932 0.000000 1558.833374 0.000000 0.000000 0.000000 1.000000 1.000000 1.000000 1.000000
2673.180420 0.000000 1596.202026 0.000000 0.000000 0.000000 1.000000 1.000000 1.000000 1.000000
2724.443848 0.000000 1626.320679 0.000000 0.000000 0.000000 1.000000 1.000000 1.000000 1.000000
2598.788330 0.000000 1567.117920 0.000000 0.000000 0.000000 1.000000 1.000000 1.000000 1.000000
2445.990723 0.000000 1580.722290 0.000000 0.000000 0.000000 1.000000 1.000000 1.000000 1.000000
2364.894287 0.000000 1597.205688 0.000000 0.000000 0.000000 1.000000 1.000000 1.000000 1.000000
1882.026245 0.000000 1973.753296 0.000000 0.000000 0.000000 1.000000 1.000000 1.000000 1.000000
1951.149292 0.000000 1997.297363 0.000000 0.000000 0.000000 1.000000 1.000000 1.000000 1.000000
2011.107910 0.000000 1978.753540 0.000000 0.000000 0.000000 1.000000 1.000000 1.000000 1.000000
2051.452881 0.000000 1973.386963 0.000000 0.000000 0.000000 1.000000 1.000000 1.000000 1.000000
2097.875977 0.000000 1973.517822 0.000000 0.000000 0.000000 1.000000 1.000000 1.000000 1.000000
2104.472412 0.000000 2021.840820 0.000000 0.000000 0.000000 1.000000 1.000000 1.000000 1.000000
2177.244629 0.000000 1948.259277 0.000000 0.000000 0.000000 1.000000 1.000000 1.000000 1.000000
2182.171631 0.000000 2011.984253 0.000000 0.000000 0.000000 1.000000 1.000000 1.000000 1.000000
2243.752197 0.000000 1940.612183 0.000000 0.000000 0.000000 1.000000 1.000000 1.000000 1.000000
2292.713623 0.000000 1955.973877 0.000000 0.000000 0.000000 1.000000 1.000000 1.000000 1.000000
2350.940674 0.000000 1987.720825 0.000000 0.000000 0.000000 1.000000 1.000000 1.000000 1.000000
2394.587646 0.000000 1972.269165 0.000000 0.000000 0.000000 1.000000 1.000000 1.000000 1.000000
2457.066895 0.000000 1877.486816 0.000000 0.000000 0.000000 1.000000 1.000000 1.000000 1.000000
2542.518311 0.000000 1899.743774 0.000000 0.000000 0.000000 1.000000 1.000000 1.000000 1.000000
2546.706543 0.000000 1938.742798 0.000000 0.000000 0.000000 1.000000 1.000000 1.000000 1.000000
2598.671143 0.000000 1901.536865 0.000000 0.000000 0.000000 1.000000 1.000000 1.000000 1.000000
2670.742676 0.000000 1915.072266 0.000000 0.000000 0.000000 1.000000 1.000000 1.000000 1.000000
2757.066162 0.000000 1880.775513 0.000000 0.000000 0.000000 1.000000 1.000000 1.000000 1.000000
2795.830322 0.000000 1891.825684 0.000000 0.000000 0.000000 1.000000 1.000000 1.000000 1.000000
2768.175781 0.000000 1958.290405 0.000000 0.000000 0.000000 1.000000 1.000000 1.000000 1.000000
2839.453125 0.000000 1915.426025 0.000000 0.000000 0.000000 1.000000 1.000000 1.000000 1.000000
2841.795410 0.000000 1845.763794 0.000000 0.000000 0.000000 1.000000 1.000000 1.000000 1.000000
2886.856934 0.000000 1862.049805 0.000000 0.000000 0.000000 1.000000 1.000000 1.000000 1.000000
3004.028809 0.000000 1923.730347 0.000000 0.000000 0.000000 1.000000 1.000000 1.000000 1.000000
2973.308105 0.000000 1811.047241 0.000000 0.000000 0.000000 1.000000 1.000000 1.000000 1.000000
3086.844727 0.000000 1884.037476 0.000000 0.000000 0.000000 1.000000 1.000000 1.000000 1.000000
3172.840576 0.000000 1924.868530 0.000000 0.000000 0.000000 1.000000 1.000000 1.000000 1.000000
3177.248535 0.000000 1977.303467 0.000000 0.000000 0.000000 1.000000 1.000000 1.000000 1.000000
3240.062012 0.000000 2022.142822 0.000000 0.000000 0.000000 1.000000 1.000000 1.000000 1.000000
3220.030762 0.000000 1980.968018 0.000000 0.000000 0.000000 1.000000 1.000000 1.000000 1.000000
3249.570312 0.000000 2079.288574 0.000000 0.000000 0.000000 1.000000 1.000000 1.000000 1.000000
3328.088867 0.000000 2069.276367 0.000000 0.000000 0.000000 1.000000 1.000000 1.000000 1.000000
3436.897705 0.000000 1887.141479 0.000000 0.000000 0.000000 1.000000 1.000000 1.000000 1.000000
3325.611572 0.000000 1814.052368 0.000000 0.000000 0.000000 1.000000 1.000000 1.000000 1.000000
3257.075684 0.000000 1785.055054 0.000000 0.000000 0.000000 1.000000 1.000000 1.000000 1.000000
3085.399414 0.000000 1569.334106 0.000000 0.000000 0.000000 1.000000 1.000000 1.000000 1.000000
3658.553955 0.000000 1265.472046 0.000000 0.000000 0.000000 1.000000 1.000000 1.000000 1.000000
3784.647705 0.000000 1153.361816 0.000000 0.000000 0.000000 1.000000 1.000000 1.000000 1.000000
3688.508301 0.000000 1115.728149 0.000000 0.000000 0.000000 1.000000 1.000000 1.000000 1.000000
3632.177979 0.000000 1072.017944 0.000000 0.000000 0.000000 1.000000 1.000000 1.000000 1.000000
3543.843506 0.000000 1038.187012 0.000000 0.000000 0.000000 1.000000 1.000000 1.000000 1.000000
3487.146729 0.000000 1087.324585 0.000000 0.000000 0.000000 1.000000 1.000000 1.000000 1.000000
3805.678711 0.000000 1525.949463 0.000000 0.000000 0.000000 1.000000 1.000000 1.000000 1.000000
"}
object={
	name="amb_3D_ocean_emitter"
	clamp_to_water_level=yes
	render_under_water=no
	generated_content=no
	layer="building_layer"
	entity="map_ambient_3D_ocean"
	count=81
	transform="235.776611 0.000000 2133.427490 0.000000 0.000000 0.000000 1.000000 1.000000 1.000000 1.000000
500.886230 0.000000 2141.714600 0.000000 0.000000 0.000000 1.000000 1.000000 1.000000 1.000000
719.142029 0.000000 2144.618652 0.000000 0.000000 0.000000 1.000000 1.000000 1.000000 1.000000
887.127563 0.000000 2158.348633 0.000000 0.000000 0.000000 1.000000 1.000000 1.000000 1.000000
1174.300049 0.000000 2179.200195 0.000000 0.000000 0.000000 1.000000 1.000000 1.000000 1.000000
1532.980469 0.000000 2174.844727 0.000000 0.000000 0.000000 1.000000 1.000000 1.000000 1.000000
1877.512451 0.000000 2194.294678 0.000000 0.000000 0.000000 1.000000 1.000000 1.000000 1.000000
1874.542725 0.000000 2526.976074 0.000000 0.000000 0.000000 1.000000 1.000000 1.000000 1.000000
171.146484 0.000000 1862.526367 0.000000 0.000000 0.000000 1.000000 1.000000 1.000000 1.000000
186.364380 0.000000 1724.331665 0.000000 0.000000 0.000000 1.000000 1.000000 1.000000 1.000000
185.747559 0.000000 1516.289673 0.000000 0.000000 0.000000 1.000000 1.000000 1.000000 1.000000
227.908447 0.000000 1257.255371 0.000000 0.000000 0.000000 1.000000 1.000000 1.000000 1.000000
544.982788 0.000000 1285.071899 0.000000 0.000000 0.000000 1.000000 1.000000 1.000000 1.000000
521.687622 0.000000 1519.817139 0.000000 0.000000 0.000000 1.000000 1.000000 1.000000 1.000000
482.906250 0.000000 1721.624634 0.000000 0.000000 0.000000 1.000000 1.000000 1.000000 1.000000
477.704468 0.000000 1981.950073 0.000000 0.000000 0.000000 1.000000 1.000000 1.000000 1.000000
897.474792 0.000000 1945.057129 0.000000 0.000000 0.000000 1.000000 1.000000 1.000000 1.000000
903.410950 0.000000 1692.585083 0.000000 0.000000 0.000000 1.000000 1.000000 1.000000 1.000000
916.203064 0.000000 1475.150269 0.000000 0.000000 0.000000 1.000000 1.000000 1.000000 1.000000
917.547363 0.000000 1264.388428 0.000000 0.000000 0.000000 1.000000 1.000000 1.000000 1.000000
583.895264 0.000000 780.332092 0.000000 0.000000 0.000000 1.000000 1.000000 1.000000 1.000000
848.640564 0.000000 909.327881 0.000000 0.000000 0.000000 1.000000 1.000000 1.000000 1.000000
1478.003906 0.000000 987.495422 0.000000 0.000000 0.000000 1.000000 1.000000 1.000000 1.000000
1520.550659 0.000000 912.532837 0.000000 0.000000 0.000000 1.000000 1.000000 1.000000 1.000000
1676.276978 0.000000 1060.601807 0.000000 0.000000 0.000000 1.000000 1.000000 1.000000 1.000000
1091.889404 0.000000 1399.985840 0.000000 0.000000 0.000000 1.000000 1.000000 1.000000 1.000000
1074.594727 0.000000 1604.232788 0.000000 0.000000 0.000000 1.000000 1.000000 1.000000 1.000000
1051.533081 0.000000 1901.539795 0.000000 0.000000 0.000000 1.000000 1.000000 1.000000 1.000000
1411.716797 0.000000 1973.426025 0.000000 0.000000 0.000000 1.000000 1.000000 1.000000 1.000000
1438.205811 0.000000 1795.924927 0.000000 0.000000 0.000000 1.000000 1.000000 1.000000 1.000000
1444.419312 0.000000 1572.300781 0.000000 0.000000 0.000000 1.000000 1.000000 1.000000 1.000000
1439.660156 0.000000 1365.713379 0.000000 0.000000 0.000000 1.000000 1.000000 1.000000 1.000000
1884.778442 0.000000 1244.137939 0.000000 0.000000 0.000000 1.000000 1.000000 1.000000 1.000000
1868.631104 0.000000 1403.479614 0.000000 0.000000 0.000000 1.000000 1.000000 1.000000 1.000000
1856.674194 0.000000 1545.133301 0.000000 0.000000 0.000000 1.000000 1.000000 1.000000 1.000000
1853.216553 0.000000 1684.345703 0.000000 0.000000 0.000000 1.000000 1.000000 1.000000 1.000000
1822.023193 0.000000 1834.238281 0.000000 0.000000 0.000000 1.000000 1.000000 1.000000 1.000000
2077.719727 0.000000 1868.034668 0.000000 0.000000 0.000000 1.000000 1.000000 1.000000 1.000000
2253.440430 0.000000 1805.086548 0.000000 0.000000 0.000000 1.000000 1.000000 1.000000 1.000000
2439.967529 0.000000 1725.834473 0.000000 0.000000 0.000000 1.000000 1.000000 1.000000 1.000000
2539.075195 0.000000 1793.549438 0.000000 0.000000 0.000000 1.000000 1.000000 1.000000 1.000000
2248.895996 0.000000 1464.487061 0.000000 0.000000 0.000000 1.000000 1.000000 1.000000 1.000000
2404.204834 0.000000 1342.922119 0.000000 0.000000 0.000000 1.000000 1.000000 1.000000 1.000000
2407.448486 0.000000 1212.961304 0.000000 0.000000 0.000000 1.000000 1.000000 1.000000 1.000000
2291.114746 0.000000 1068.133545 0.000000 0.000000 0.000000 1.000000 1.000000 1.000000 1.000000
2109.749512 0.000000 891.291626 0.000000 0.000000 0.000000 1.000000 1.000000 1.000000 1.000000
2022.815674 0.000000 675.919434 0.000000 0.000000 0.000000 1.000000 1.000000 1.000000 1.000000
2167.862061 0.000000 550.176025 0.000000 0.000000 0.000000 1.000000 1.000000 1.000000 1.000000
2308.383301 0.000000 462.473267 0.000000 0.000000 0.000000 1.000000 1.000000 1.000000 1.000000
2276.053467 0.000000 706.270752 0.000000 0.000000 0.000000 1.000000 1.000000 1.000000 1.000000
2398.992432 0.000000 781.887146 0.000000 0.000000 0.000000 1.000000 1.000000 1.000000 1.000000
2560.836914 0.000000 850.058533 0.000000 0.000000 0.000000 1.000000 1.000000 1.000000 1.000000
2648.468994 0.000000 923.875977 0.000000 0.000000 0.000000 1.000000 1.000000 1.000000 1.000000
2603.267578 0.000000 616.051636 0.000000 0.000000 0.000000 1.000000 1.000000 1.000000 1.000000
2836.362305 0.000000 674.066895 0.000000 0.000000 0.000000 1.000000 1.000000 1.000000 1.000000
2742.431641 0.000000 516.669006 0.000000 0.000000 0.000000 1.000000 1.000000 1.000000 1.000000
2794.799561 0.000000 330.609619 0.000000 0.000000 0.000000 1.000000 1.000000 1.000000 1.000000
2966.282227 0.000000 447.054565 0.000000 0.000000 0.000000 1.000000 1.000000 1.000000 1.000000
3099.896729 0.000000 316.577179 0.000000 0.000000 0.000000 1.000000 1.000000 1.000000 1.000000
3055.597412 0.000000 65.211357 0.000000 0.000000 0.000000 1.000000 1.000000 1.000000 1.000000
3330.443604 0.000000 37.262169 0.000000 0.000000 0.000000 1.000000 1.000000 1.000000 1.000000
3443.859863 0.000000 127.230690 0.000000 0.000000 0.000000 1.000000 1.000000 1.000000 1.000000
3420.956787 0.000000 265.439514 0.000000 0.000000 0.000000 1.000000 1.000000 1.000000 1.000000
3409.446045 0.000000 456.701416 0.000000 0.000000 0.000000 1.000000 1.000000 1.000000 1.000000
3212.650391 0.000000 495.481781 0.000000 0.000000 0.000000 1.000000 1.000000 1.000000 1.000000
3223.369629 0.000000 846.725464 0.000000 0.000000 0.000000 1.000000 1.000000 1.000000 1.000000
3350.807861 0.000000 910.423828 0.000000 0.000000 0.000000 1.000000 1.000000 1.000000 1.000000
3486.990967 0.000000 891.695496 0.000000 0.000000 0.000000 1.000000 1.000000 1.000000 1.000000
3632.600586 0.000000 599.657715 0.000000 0.000000 0.000000 1.000000 1.000000 1.000000 1.000000
3772.518311 0.000000 536.488159 0.000000 0.000000 0.000000 1.000000 1.000000 1.000000 1.000000
3961.123047 0.000000 318.243164 0.000000 0.000000 0.000000 1.000000 1.000000 1.000000 1.000000
3859.245117 0.000000 196.730072 0.000000 0.000000 0.000000 1.000000 1.000000 1.000000 1.000000
3638.372070 0.000000 258.810974 0.000000 0.000000 0.000000 1.000000 1.000000 1.000000 1.000000
3641.236084 0.000000 452.221191 0.000000 0.000000 0.000000 1.000000 1.000000 1.000000 1.000000
3945.506348 0.000000 935.072632 0.000000 0.000000 0.000000 1.000000 1.000000 1.000000 1.000000
3773.041992 0.000000 953.340393 0.000000 0.000000 0.000000 1.000000 1.000000 1.000000 1.000000
3814.202637 0.000000 1058.329956 0.000000 0.000000 0.000000 1.000000 1.000000 1.000000 1.000000
2966.769287 0.000000 1025.093872 0.000000 0.000000 0.000000 1.000000 1.000000 1.000000 1.000000
2837.581299 0.000000 1142.918213 0.000000 0.000000 0.000000 1.000000 1.000000 1.000000 1.000000
2846.143555 0.000000 1251.626709 0.000000 0.000000 0.000000 1.000000 1.000000 1.000000 1.000000
2755.637207 0.000000 1335.185791 0.000000 0.000000 0.000000 1.000000 1.000000 1.000000 1.000000
"}
object={
	name="amb_3D_river_emitter"
	clamp_to_water_level=no
	render_under_water=no
	generated_content=no
	layer="building_layer"
	entity="map_ambient_3D_river"
	count=38
	transform="3083.888916 0.000000 871.731873 0.000000 0.000000 0.000000 1.000000 1.000000 1.000000 1.000000
3043.208740 0.000000 746.337036 0.000000 0.000000 0.000000 1.000000 1.000000 1.000000 1.000000
3054.735107 0.000000 1037.569824 0.000000 0.000000 0.000000 1.000000 1.000000 1.000000 1.000000
2936.765381 0.000000 1314.649902 0.000000 0.000000 0.000000 1.000000 1.000000 1.000000 1.000000
2671.009766 0.000000 1415.439453 0.000000 0.000000 0.000000 1.000000 1.000000 1.000000 1.000000
2710.777588 0.000000 1278.825195 0.000000 0.000000 0.000000 1.000000 1.000000 1.000000 1.000000
2607.093018 0.000000 1247.866211 0.000000 0.000000 0.000000 1.000000 1.000000 1.000000 1.000000
2505.212158 0.000000 1175.158447 0.000000 0.000000 0.000000 1.000000 1.000000 1.000000 1.000000
2527.639893 0.000000 1476.718628 0.000000 0.000000 0.000000 1.000000 1.000000 1.000000 1.000000
2789.895752 0.000000 1686.884033 0.000000 0.000000 0.000000 1.000000 1.000000 1.000000 1.000000
2899.593994 0.000000 1735.898560 0.000000 0.000000 0.000000 1.000000 1.000000 1.000000 1.000000
2812.706787 0.000000 1727.594116 0.000000 0.000000 0.000000 1.000000 1.000000 1.000000 1.000000
3004.468018 0.000000 1726.773804 0.000000 0.000000 0.000000 1.000000 1.000000 1.000000 1.000000
2336.799072 0.000000 1870.853516 0.000000 0.000000 0.000000 1.000000 1.000000 1.000000 1.000000
2370.343018 0.000000 1893.120728 0.000000 0.000000 0.000000 1.000000 1.000000 1.000000 1.000000
2391.101074 0.000000 1889.433716 0.000000 0.000000 0.000000 1.000000 1.000000 1.000000 1.000000
2016.851807 0.000000 2046.277710 0.000000 0.000000 0.000000 1.000000 1.000000 1.000000 1.000000
1797.025513 0.000000 122.695175 0.000000 0.000000 0.000000 1.000000 1.000000 1.000000 1.000000
1917.992310 0.000000 228.767853 0.000000 0.000000 0.000000 1.000000 1.000000 1.000000 1.000000
2049.841309 0.000000 376.426270 0.000000 0.000000 0.000000 1.000000 1.000000 1.000000 1.000000
2121.210449 0.000000 432.128571 0.000000 0.000000 0.000000 1.000000 1.000000 1.000000 1.000000
1828.737061 0.000000 819.407227 0.000000 0.000000 0.000000 1.000000 1.000000 1.000000 1.000000
1367.728516 0.000000 803.778320 0.000000 0.000000 0.000000 1.000000 1.000000 1.000000 1.000000
1325.358765 0.000000 904.724976 0.000000 0.000000 0.000000 1.000000 1.000000 1.000000 1.000000
561.207764 0.000000 615.004089 0.000000 0.000000 0.000000 1.000000 1.000000 1.000000 1.000000
24.513517 0.000000 752.493530 0.000000 0.000000 0.000000 1.000000 1.000000 1.000000 1.000000
173.646149 0.000000 829.115906 0.000000 0.000000 0.000000 1.000000 1.000000 1.000000 1.000000
93.883820 0.000000 792.231628 0.000000 0.000000 0.000000 1.000000 1.000000 1.000000 1.000000
315.471863 0.000000 863.042236 0.000000 0.000000 0.000000 1.000000 1.000000 1.000000 1.000000
407.496948 0.000000 937.786316 0.000000 0.000000 0.000000 1.000000 1.000000 1.000000 1.000000
522.927612 0.000000 997.985718 0.000000 0.000000 0.000000 1.000000 1.000000 1.000000 1.000000
557.862061 0.000000 1009.566833 0.000000 0.000000 0.000000 1.000000 1.000000 1.000000 1.000000
3043.178711 0.000000 747.283264 0.000000 0.000000 0.000000 1.000000 1.000000 1.000000 1.000000
3607.731689 0.000000 832.796204 0.000000 0.000000 0.000000 1.000000 1.000000 1.000000 1.000000
3935.634521 0.000000 653.246094 0.000000 0.000000 0.000000 1.000000 1.000000 1.000000 1.000000
3671.546143 0.000000 1042.098145 0.000000 0.000000 0.000000 1.000000 1.000000 1.000000 1.000000
3362.880371 0.000000 984.586670 0.000000 0.000000 0.000000 1.000000 1.000000 1.000000 1.000000
3405.877686 0.000000 971.198486 0.000000 0.000000 0.000000 1.000000 1.000000 1.000000 1.000000
"}
