object={
	name="bridge 01"
	clamp_to_water_level=no
	render_under_water=yes
	generated_content=no
	layer="temp_layer"
	pdxmesh="bridge_01_mesh"
	count=209
	transform="72.170395 -0.384338 1402.362671 0.000000 0.201107 0.000000 0.979569 0.561597 0.561597 0.561597
121.384659 -0.247314 1439.230347 0.000000 0.473039 0.000000 0.881042 0.542560 0.542560 0.542560
212.371140 -0.131470 1450.699829 0.000000 0.322935 0.000000 0.946421 0.571143 0.571143 0.571143
282.257721 -0.387390 1467.808960 0.000000 -0.736840 0.000000 0.676067 0.501562 0.501562 0.501562
342.895386 -0.491577 1510.761353 0.000000 0.393807 0.000000 0.919193 0.627148 0.627148 0.627148
364.319000 -0.411072 1522.650024 0.000000 0.299260 0.000000 0.954172 0.561041 0.561041 0.561041
380.554352 -0.234619 1524.149292 0.000000 0.819200 0.000000 0.573508 0.526038 0.526038 0.526038
409.931549 -0.411499 1537.781128 0.000000 -0.677480 0.000000 0.735541 0.605636 0.605636 0.605636
428.383545 -0.250854 1546.719604 0.000000 0.316326 0.000000 0.948651 0.656653 0.656653 0.656653
443.299347 -0.313904 1573.009033 0.000000 0.099133 0.000000 0.995074 0.607617 0.607617 0.607617
462.305420 -0.300598 1592.034058 0.000000 0.451765 0.000000 0.892137 0.633618 0.633618 0.633618
578.911377 2.897583 1589.384155 0.000000 0.311958 0.000000 0.950096 1.189813 1.189813 1.189813
521.441040 -0.468567 1461.693481 0.000000 0.142896 0.000000 0.989738 0.799463 0.799463 0.799463
482.004517 -0.634583 1411.010010 0.000000 0.000000 0.000000 1.000000 0.753613 0.753613 0.753613
459.347076 -0.295837 1380.174194 0.000000 -0.142020 0.000000 0.989864 0.599329 0.599329 0.599329
452.362427 -0.257385 1310.957886 0.000000 0.483511 0.000000 0.875338 0.645508 0.645508 0.645508
573.678528 1.205383 1262.390991 0.000000 0.687611 0.000000 0.726079 1.371222 1.371222 1.371222
642.586914 -0.508484 1310.550293 0.000000 0.638719 0.000000 0.769440 0.837030 0.837030 0.837030
729.987915 -0.402222 1345.135376 0.000000 0.264073 0.000000 0.964503 0.793620 0.793620 0.793620
841.048950 -0.677673 1396.551392 0.000000 0.638561 0.000000 0.769571 0.844159 0.844159 0.844159
901.636292 -0.475403 1444.026978 0.000000 -0.732819 0.000000 0.680423 0.693292 0.693292 0.693292
1029.700195 -0.218994 1516.159668 0.000000 0.469284 0.000000 0.883047 0.628101 0.628101 0.628101
1040.000854 -0.291931 1562.383911 0.000000 -0.163945 0.000000 0.986470 0.796594 0.796594 0.796594
1044.920532 -0.584717 1654.255615 0.000000 0.000000 0.000000 1.000000 0.840991 0.840991 0.840991
1058.868286 -0.664551 1699.901978 0.000000 0.072644 0.000000 0.997358 0.825244 0.825244 0.825244
1106.103638 -0.240112 1762.867920 0.000000 0.338155 0.000000 0.941091 0.726269 0.726269 0.726269
1166.003662 -0.520752 1784.713379 0.000000 0.680689 0.000000 0.732572 0.829809 0.829809 0.829809
1265.519775 -0.458984 1773.340942 0.000000 -0.408525 0.000000 0.912747 0.709521 0.709521 0.709521
1296.976807 -0.440796 1713.110718 0.000000 0.388387 0.000000 0.921497 0.738599 0.738599 0.738599
1279.587280 -0.465942 1697.660767 0.000000 -0.160120 0.000000 0.987098 0.615576 0.615576 0.615576
1294.911987 -0.413696 1676.074097 0.000000 -0.559764 0.000000 0.828652 0.664502 0.664502 0.664502
1322.882812 -0.230347 1669.265869 0.000000 -0.699526 0.000000 0.714607 0.704468 0.704468 0.704468
1375.832397 -0.532349 1685.422241 0.000000 0.844312 0.000000 0.535852 0.708740 0.708740 0.708740
1400.806030 -0.362671 1657.486816 0.000000 0.315196 0.000000 0.949027 0.505848 0.505848 0.505848
1398.875366 -0.115601 1646.322632 0.000000 -0.144346 0.000000 0.989527 0.541974 0.541974 0.541974
1408.707764 0.000000 1590.539673 0.000000 0.267853 0.000000 0.963460 0.595923 0.595923 0.595923
1256.095703 -0.300598 1499.142944 0.000000 0.000000 0.000000 1.000000 0.587097 0.587097 0.587097
1269.720581 -0.272217 1460.729126 0.000000 -0.463777 0.000000 0.885952 0.671753 0.671753 0.671753
1336.695923 -0.383667 1443.401855 0.000000 -0.345482 0.000000 0.938425 0.600671 0.600671 0.600671
1372.068604 -0.262756 1422.558472 0.000000 -0.604963 0.000000 0.796254 0.642967 0.642967 0.642967
1425.209106 -0.349792 1434.604004 0.000000 0.518169 0.000000 0.855278 0.648627 0.648627 0.648627
1442.909912 -0.668091 1456.449707 0.000000 0.158885 0.000000 0.987297 0.619342 0.619342 0.619342
1457.764771 -0.354858 1512.218140 0.000000 -0.106442 0.000000 0.994319 0.508026 0.508026 0.508026
1390.875366 2.831177 1399.446533 0.000000 -0.001389 0.000000 0.999999 1.286456 1.286456 1.286456
2024.763550 0.406921 985.349609 0.000000 -0.206899 0.000000 0.978362 1.000000 1.000000 1.000000
2122.914795 -0.360565 1034.992310 0.000000 0.495281 0.000000 0.868733 0.543375 0.543375 0.543375
2125.138672 2.011230 1057.987549 0.000000 -0.624030 0.000000 0.781401 2.671366 2.671366 2.671366
2086.416748 -0.422180 1090.968506 0.000000 -0.567616 0.000000 0.823294 0.634769 0.634769 0.634769
2054.364990 -0.263824 1102.804688 0.000000 0.810278 0.000000 0.586046 0.592346 0.592346 0.592346
2013.408325 -0.539307 1116.059570 0.000000 -0.626970 0.000000 0.779043 0.729387 0.729387 0.729387
1926.000732 -0.255066 1152.070679 0.000000 -0.464021 0.000000 0.885824 0.583496 0.583496 0.583496
1895.508667 -0.363281 1176.133667 0.000000 -0.277044 0.000000 0.960857 0.528760 0.528760 0.528760
1886.810547 -0.341858 1203.224609 0.000000 0.210466 0.000000 0.977601 0.484259 0.484259 0.484259
1857.626343 -0.468811 1291.439087 0.000000 -0.459568 0.000000 0.888143 0.582373 0.582373 0.582373
1517.723022 -0.321655 1426.807007 0.000000 0.433685 0.000000 0.901065 0.790271 0.790271 0.790271
1561.674805 -0.211548 1461.294556 0.000000 0.112978 0.000000 0.993597 0.774194 0.774194 0.774194
1592.125122 -0.564636 1492.096069 0.000000 0.398543 0.000000 0.917150 0.909973 0.909973 0.909973
1618.687744 -0.408203 1538.375610 0.000000 0.414616 0.000000 0.909997 0.558777 0.558777 0.558777
1682.925781 0.000000 1578.052856 0.000000 0.709779 0.000000 0.704424 0.631445 0.631445 0.631445
1702.023560 -0.270081 1600.440796 0.000000 0.122010 0.000000 0.992529 0.595801 0.595801 0.595801
1733.810913 -0.307434 1614.468872 0.000000 0.493490 0.000000 0.869751 0.683545 0.683545 0.683545
1765.113281 -0.171814 1612.326538 0.000000 -0.697583 0.000000 0.716504 0.585260 0.585260 0.585260
1827.970825 -0.417664 1332.824707 0.000000 -0.201612 0.000000 0.979466 0.613873 0.613873 0.613873
1829.425171 -0.462830 1355.059937 0.000000 0.652937 0.000000 0.757412 0.670721 0.670721 0.670721
1780.351807 -0.143372 1414.842773 0.000000 0.202628 0.000000 0.979256 0.623865 0.623865 0.623865
1777.975708 -0.338379 1486.498413 0.000000 0.504413 0.000000 0.863463 0.559882 0.559882 0.559882
1854.647827 -0.376770 1515.189331 0.000000 0.530369 0.000000 0.847767 0.631598 0.631598 0.631598
1863.195679 -0.465271 1522.679321 0.000000 0.563703 0.000000 0.825978 0.577179 0.577179 0.577179
1933.630981 -0.358032 1576.723511 0.000000 0.512506 0.000000 0.858683 0.664845 0.664845 0.664845
1948.641846 0.000000 1605.375122 0.000000 0.240523 0.000000 0.970643 0.506769 0.506769 0.506769
1965.727905 -0.357117 1621.486816 0.000000 0.673943 0.000000 0.738784 0.635748 0.635748 0.635748
1976.347900 -0.325928 1632.846802 0.000000 0.340423 0.000000 0.940273 0.483789 0.483789 0.483789
1946.926270 -0.458984 1683.678101 0.000000 -0.332174 0.000000 0.943218 0.617749 0.617749 0.617749
1931.889282 -0.413940 1707.102783 0.000000 -0.213880 0.000000 0.976860 0.560791 0.560791 0.560791
1932.914795 -0.303101 1717.813477 0.000000 0.110522 0.000000 0.993874 0.532499 0.532499 0.532499
1893.877686 -0.091431 1743.754883 0.000000 0.260171 0.000000 0.965563 0.644116 0.644116 0.644116
1872.133301 -0.385132 1717.058228 0.000000 0.388611 0.000000 0.921402 0.566333 0.566333 0.566333
1834.465088 -0.369873 1660.662354 0.000000 0.376911 0.000000 0.926249 0.652198 0.652198 0.652198
1825.887329 -0.210938 1647.328491 0.000000 0.465169 0.000000 0.885222 0.526447 0.526447 0.526447
1813.977905 -0.401367 1639.864868 0.000000 0.493251 0.000000 0.869887 0.534515 0.534515 0.534515
1796.834595 -0.091431 1627.944946 0.000000 0.595075 0.000000 0.803670 0.471931 0.471931 0.471931
1779.031494 -0.550903 1616.158813 0.000000 0.599542 0.000000 0.800343 0.617809 0.617809 0.617809
4053.801514 1.116821 848.647461 0.000000 0.365193 0.000000 0.930932 1.203751 1.203751 1.203751
4051.750244 1.056564 877.497070 0.000000 0.085193 0.000000 0.996364 1.398863 1.398863 1.398863
4087.123779 1.168488 914.342773 0.000000 0.272804 0.000000 0.962070 1.445776 1.445776 1.445776
1347.743164 2.547546 1507.594604 0.000000 0.000000 0.000000 1.000000 1.432361 1.432361 1.432361
1414.606689 -0.305359 1510.216919 0.000000 0.405291 0.000000 0.914188 0.701202 0.701202 0.701202
2593.752686 2.135132 1868.903809 0.000000 0.443667 0.000000 0.896192 1.203955 1.203955 1.203955
2617.040283 -0.341919 1928.724365 0.000000 -0.088872 0.000000 0.996043 0.521643 0.521643 0.521643
2553.279541 -0.462158 2025.496704 0.000000 -0.160075 0.000000 0.987105 0.531311 0.531311 0.531311
2560.222412 -0.282349 2034.548950 0.000000 -0.732336 0.000000 0.680943 0.510010 0.510010 0.510010
2514.531982 2.186035 2077.234863 0.000000 -0.160165 0.000000 0.987090 1.245691 1.245691 1.245691
2494.431396 -0.457153 2085.746582 0.000000 -0.553642 0.000000 0.832755 0.737561 0.737561 0.737561
2628.840088 -0.648438 2040.623535 0.000000 0.347858 0.000000 0.937547 0.745386 0.745386 0.745386
2664.030518 -0.513672 2061.861328 0.000000 0.490262 0.000000 0.871575 0.620068 0.620068 0.620068
2758.244385 -0.383911 2014.569946 0.000000 -0.447710 0.000000 0.894179 0.601196 0.601196 0.601196
2792.510010 -0.213379 1982.448486 0.000000 -0.144693 0.000000 0.989477 0.508582 0.508582 0.508582
2812.365479 -0.395142 1952.735352 0.000000 -0.117677 0.000000 0.993052 0.559412 0.559412 0.559412
2917.665283 1.945801 1921.275391 0.000000 -0.359135 0.000000 0.933286 4.235335 4.235335 4.235335
2943.001709 -0.259521 1856.306641 0.000000 0.019011 0.000000 0.999819 0.701819 0.701819 0.701819
2919.040283 -0.444336 1837.829956 0.000000 0.639641 0.000000 0.768674 0.626733 0.626733 0.626733
2926.211182 -0.412109 1777.702393 0.000000 -0.506348 0.000000 0.862329 0.553479 0.553479 0.553479
2970.247803 -0.360718 1700.843750 0.000000 -0.535933 0.000000 0.844260 0.571703 0.571703 0.571703
3016.475342 0.985352 1682.089355 0.000000 -0.364767 0.000000 0.931099 1.198804 1.198804 1.198804
3066.117432 1.358765 1647.779175 0.000000 -0.088355 0.000000 0.996089 1.331165 1.331165 1.331165
3098.720459 -0.354675 1582.031982 0.000000 -0.439012 0.000000 0.898481 0.628546 0.628546 0.628546
3106.046631 -0.367188 1572.780884 0.000000 -0.401577 0.000000 0.915825 0.626044 0.626044 0.626044
3112.528564 -0.635437 1560.303833 0.000000 -0.171150 0.000000 0.985245 0.687923 0.687923 0.687923
3108.853760 -0.234741 1544.302368 0.000000 0.391042 0.000000 0.920373 0.488733 0.488733 0.488733
3087.607666 -0.409790 1512.470215 0.000000 -0.191378 0.000000 0.981516 0.598364 0.598364 0.598364
3071.510498 0.451233 1517.289673 0.000000 0.507348 0.000000 0.861741 1.172992 1.172992 1.172992
3021.459717 -0.373413 1522.400757 0.000000 -0.503714 0.000000 0.863870 0.556818 0.556818 0.556818
3053.086670 -0.441589 1458.903198 0.000000 0.000000 0.000000 1.000000 0.674927 0.674927 0.674927
3072.574951 -0.242798 1405.577026 0.000000 0.305202 0.000000 0.952288 0.612488 0.612488 0.612488
3039.540771 -0.415283 1403.269165 0.000000 -0.445034 0.000000 0.895514 0.514918 0.514918 0.514918
2900.532959 -0.586365 1452.483032 0.000000 -0.166247 0.000000 0.986084 0.719100 0.719100 0.719100
2908.830322 -0.289001 1451.608032 0.000000 -0.703734 0.000000 0.710464 0.571364 0.571364 0.571364
2908.830322 -0.289001 1451.608032 0.000000 -0.703734 0.000000 0.710464 0.571364 0.571364 0.571364
2977.708252 -0.465393 1372.248413 0.000000 -0.478408 0.000000 0.878138 0.636075 0.636075 0.636075
3004.464600 -0.423279 1368.299927 0.000000 -0.531546 0.000000 0.847029 0.589910 0.589910 0.589910
3043.943115 1.032959 1351.993774 0.000000 -0.426080 0.000000 0.904686 1.241241 1.241241 1.241241
3088.896240 -0.445679 1483.549683 0.000000 0.000000 0.000000 1.000000 0.602850 0.602850 0.602850
3119.421631 -0.464783 1443.909546 0.000000 0.350232 0.000000 0.936663 0.486415 0.486415 0.486415
3116.951416 -0.361572 1442.487183 0.000000 0.671187 0.000000 0.741288 0.440887 0.440887 0.440887
3070.267334 -0.413757 1339.064941 0.000000 -0.347744 0.000000 0.937590 0.676685 0.676685 0.676685
3077.030518 -0.489502 1320.483765 0.000000 0.468219 0.000000 0.883612 0.648309 0.648309 0.648309
3059.614014 -0.395142 1303.238892 0.000000 0.141401 0.000000 0.989952 0.558600 0.558600 0.558600
3054.344971 -0.476135 1275.222778 0.000000 0.386825 0.000000 0.922153 0.584900 0.584900 0.584900
3832.873779 -0.442078 1480.964478 0.000000 -0.549467 0.000000 0.835515 0.539240 0.539240 0.539240
3898.211182 -0.374695 1480.086304 0.000000 -0.713467 0.000000 0.700689 0.603571 0.603571 0.603571
3759.147217 -0.391357 1473.436401 0.000000 -0.544511 0.000000 0.838754 0.542224 0.542224 0.542224
3736.721436 -0.194214 1494.903320 0.000000 -0.271541 0.000000 0.962427 0.490607 0.490607 0.490607
3601.461670 -0.401306 1505.941040 0.000000 -0.333627 0.000000 0.942705 0.578204 0.578204 0.578204
3602.862549 2.807312 1436.475464 0.000000 -0.352089 0.000000 0.935966 1.174898 1.174898 1.174898
3622.203857 -0.440369 1414.776001 0.000000 -0.496182 0.000000 0.868219 0.665259 0.665259 0.665259
3685.332275 -0.556946 1400.269897 0.000000 -0.498379 0.000000 0.866959 0.753369 0.753369 0.753369
3695.964111 -0.468994 1378.119751 0.000000 0.287539 0.000000 0.957769 0.632666 0.632666 0.632666
3758.217529 -0.370361 1364.252319 0.000000 0.587520 0.000000 0.809210 0.679132 0.679132 0.679132
3524.900146 -0.533936 1556.910889 0.000000 -0.409472 0.000000 0.912323 0.684759 0.684759 0.684759
3505.176025 -0.369507 1565.579956 0.000000 -0.652937 0.000000 0.757412 0.624701 0.624701 0.624701
3378.336182 1.444458 1577.566528 0.000000 -0.584355 0.000000 0.811498 1.346912 1.346912 1.346912
3303.409424 -0.531372 1599.373413 0.000000 -0.726281 0.000000 0.687397 0.718024 0.718024 0.718024
3248.878174 -0.543518 1582.977295 0.000000 0.517150 0.000000 0.855895 0.652148 0.652148 0.652148
3232.269775 -0.213257 1569.677368 0.000000 0.640438 0.000000 0.768010 0.511432 0.511432 0.511432
3198.526123 -0.377258 1557.546387 0.000000 0.556358 0.000000 0.830943 0.523877 0.523877 0.523877
3188.746338 -0.493713 1540.383667 0.000000 0.077680 0.000000 0.996978 0.565479 0.565479 0.565479
3178.207275 -0.535400 1522.967407 0.000000 0.635503 0.000000 0.772098 0.557068 0.557068 0.557068
3134.693115 -0.412231 1455.286499 0.000000 0.460218 0.000000 0.887806 0.661237 0.661237 0.661237
2779.765381 -0.507080 1674.625488 0.000000 0.718410 0.000000 0.695620 0.700000 0.700000 0.700000
2649.525146 -0.312988 1703.446289 0.000000 -0.488239 0.000000 0.872710 0.679053 0.679053 0.679053
2604.731201 -0.426758 1739.296143 0.000000 -0.598259 0.000000 0.801303 0.723010 0.723010 0.723010
2507.752197 -0.443481 1753.964722 0.000000 0.623767 0.000000 0.781610 0.742114 0.742114 0.742114
2499.911865 -0.534180 1755.527710 0.000000 0.676576 0.000000 0.736373 0.804790 0.804790 0.804790
2479.838623 2.738281 1787.330811 0.000000 -0.158418 0.000000 0.987372 1.344556 1.344556 1.344556
2484.024658 -0.639038 1839.252197 0.000000 0.233155 0.000000 0.972440 0.770410 0.770410 0.770410
2543.132080 -0.542114 1835.774414 0.000000 0.491644 0.000000 0.870796 0.689502 0.689502 0.689502
1822.645874 -0.561890 2537.239258 0.000000 -0.307729 0.000000 0.951474 0.627710 0.627710 0.627710
1833.494385 -0.446899 2529.263184 0.000000 -0.766545 0.000000 0.642191 0.717163 0.717163 0.717163
1871.850952 -0.249023 2541.148438 0.000000 0.556497 0.000000 0.830849 0.591626 0.591626 0.591626
1901.830078 -0.289307 2557.783203 0.000000 0.485600 0.000000 0.874181 0.586304 0.586304 0.586304
1913.433105 -0.381348 2564.412598 0.000000 0.537054 0.000000 0.843548 0.561457 0.561457 0.561457
1925.761230 -0.282471 2564.524902 0.000000 -0.545649 0.000000 0.838014 0.635664 0.635664 0.635664
1959.167969 -0.548584 2555.365234 0.000000 -0.574880 0.000000 0.818238 0.852197 0.852197 0.852197
2065.182861 -0.310669 2552.241699 0.000000 -0.771752 0.000000 0.635924 0.517859 0.517859 0.517859
2115.480713 -0.274780 2545.384766 0.000000 0.630423 0.000000 0.776252 0.600085 0.600085 0.600085
2153.648193 -0.305786 2522.812500 0.000000 -0.371322 0.000000 0.928504 0.561121 0.561121 0.561121
2200.881104 -0.231201 2492.253418 0.000000 -0.542513 0.000000 0.840048 0.617126 0.617126 0.617126
2278.354736 -0.331299 2528.945801 0.000000 -0.733935 0.000000 0.679220 0.531360 0.531360 0.531360
2310.246338 -0.341431 2523.067383 0.000000 0.597207 0.000000 0.802087 0.562744 0.562744 0.562744
2330.748291 0.000000 2490.023438 0.000000 0.198173 0.000000 0.980167 1.341274 1.341274 1.341274
2327.317627 0.911987 2481.039062 0.000000 0.179112 0.000000 0.983829 1.682126 1.682126 1.682126
2383.142822 0.740356 2489.843750 0.000000 -0.098260 0.000000 0.995161 1.000000 1.000000 1.000000
2356.826904 -0.352173 2514.009766 0.000000 0.445007 0.000000 0.895527 0.572522 0.572522 0.572522
2367.940674 -0.587769 2527.022461 0.000000 0.643270 0.000000 0.765640 0.780029 0.780029 0.780029
2382.031982 -0.452393 2504.430176 0.000000 0.381246 0.000000 0.924474 0.598523 0.598523 0.598523
2414.717041 2.248047 2516.668945 0.000000 -0.149824 0.000000 0.988713 1.000000 1.000000 1.000000
2398.352783 -0.384888 2491.879395 0.000000 0.068367 0.000000 0.997660 0.539679 0.539679 0.539679
2434.125732 -0.320190 2463.866699 0.000000 -0.556409 0.000000 0.830909 0.707861 0.707861 0.707861
2469.386963 -0.435913 2454.296387 0.000000 -0.601629 0.000000 0.798776 0.710632 0.710632 0.710632
2517.196533 -0.317871 2476.369629 0.000000 -0.757235 0.000000 0.653142 0.677538 0.677538 0.677538
2571.881592 -0.409790 2476.723633 0.000000 0.729942 0.000000 0.683509 0.639624 0.639624 0.639624
2623.078369 -0.353149 2458.602051 0.000000 -0.691733 0.000000 0.722154 0.700671 0.700671 0.700671
2647.619385 -0.495850 2455.038086 0.000000 -0.437832 0.000000 0.899057 0.626831 0.626831 0.626831
2727.603271 -0.494629 2402.674805 0.000000 -0.298918 0.000000 0.954279 0.748511 0.748511 0.748511
2750.053467 -0.092773 2384.583496 0.000000 -0.133935 0.000000 0.990990 0.595105 0.595105 0.595105
2801.831787 -0.259277 2358.888672 0.000000 -0.099384 0.000000 0.995049 0.476392 0.476392 0.476392
2864.294678 2.421509 2328.751953 0.000000 -0.187543 0.000000 0.982256 1.337622 1.337622 1.337622
2776.889404 2.660889 2290.610840 0.000000 -0.436323 0.000000 0.899790 1.322656 1.322656 1.322656
2850.129639 -0.393921 2312.154785 0.000000 0.364028 0.000000 0.931388 0.631628 0.631628 0.631628
2826.465088 -0.284912 2303.937500 0.000000 0.328588 0.000000 0.944473 0.602832 0.602832 0.602832
2455.039307 -0.439331 2084.042969 0.000000 0.758271 0.000000 0.651940 0.607324 0.607324 0.607324
2385.323486 -0.543091 2116.031738 0.000000 0.408636 0.000000 0.912697 0.691370 0.691370 0.691370
2367.624268 -0.209473 2160.464844 0.000000 -0.319320 0.000000 0.947647 0.632666 0.632666 0.632666
2344.063721 -0.545044 2182.203125 0.000000 -0.515530 0.000000 0.856872 0.642310 0.642310 0.642310
2275.634521 -0.489624 2236.208008 0.000000 -0.103817 0.000000 0.994596 0.663379 0.663379 0.663379
2260.185791 -0.421143 2324.725586 0.000000 0.521896 0.000000 0.853009 0.670313 0.670313 0.670313
2340.604248 -0.379272 2282.551270 0.000000 0.000000 0.000000 1.000000 0.568945 0.568945 0.568945
2445.854248 -0.448242 2244.049316 0.000000 -0.640860 0.000000 0.767658 0.638013 0.638013 0.638013
2535.001709 -0.190796 2266.499023 0.000000 -0.659064 0.000000 0.752087 0.574280 0.574280 0.574280
2577.030518 -0.239868 2251.011230 0.000000 -0.617858 0.000000 0.786290 0.575940 0.575940 0.575940
2641.939209 -0.507324 2299.716309 0.000000 -0.769457 0.000000 0.638698 0.640271 0.640271 0.640271
2675.050049 -0.399048 2308.470215 0.000000 -0.907771 0.000000 0.419466 0.761487 0.761487 0.761487
2685.329834 -0.036743 2322.513184 0.000000 0.224451 0.000000 0.974485 0.594788 0.594788 0.594788
2728.169189 -0.489258 2305.046387 0.000000 -0.517646 0.000000 0.855595 0.633801 0.633801 0.633801
2806.037354 -0.482544 2287.272461 0.000000 -0.850950 0.000000 0.525246 0.615353 0.615353 0.615353
2361.829834 0.431519 2479.437988 0.000000 0.000244 0.000000 1.000000 1.401798 1.401798 1.401798
2355.759521 0.774414 2493.362793 0.000000 -0.428839 0.000000 0.903381 1.134476 1.134476 1.134476
2687.355713 0.341430 2024.255005 0.000000 0.253608 0.000000 0.967307 1.839457 1.839457 1.839457
3668.776611 0.000000 1660.513184 0.000000 0.529269 0.000000 0.848454 2.284473 2.284473 2.284473
"}
