object={
	name="cliff coastline 01"
	clamp_to_water_level=no
	render_under_water=yes
	generated_content=no
	layer="temp_layer"
	pdxmesh="cliff_coastline_01_mesh"
	count=60
	transform="2292.391846 -2.972900 1826.101929 0.000000 0.592448 0.000000 0.805609 0.994116 0.994116 0.994116
2291.456787 -3.400269 1827.321045 0.000000 -0.890197 0.000000 0.455575 0.994116 0.994116 0.994116
2090.097900 -3.269409 2643.022461 0.000000 0.000000 0.000000 1.000000 1.000000 1.000000 1.000000
3168.274170 -2.095581 2328.769043 0.000000 -0.300016 0.000000 -0.953934 0.748730 0.748730 0.748730
3090.055420 -8.549683 2343.475586 0.000000 -0.312409 0.000000 -0.949948 1.968426 1.968426 1.968426
3093.426514 -9.040894 2345.558105 0.000000 0.990459 0.000000 -0.137809 1.968426 1.968426 1.968426
3091.700928 -9.040894 2344.788574 0.000000 0.000000 0.000000 1.000000 2.180898 2.180898 2.180898
2053.305908 0.439697 1894.541260 0.000000 -0.791631 0.000000 -0.611000 1.296924 1.296924 1.296924
2050.193604 -0.027588 1874.600220 0.000000 -0.979221 0.000000 -0.202796 1.929604 1.929604 1.929604
2058.354248 -2.658325 1878.433472 0.000000 -0.586285 0.000000 0.810105 1.404895 1.404895 1.404895
2051.982178 -7.744507 1872.648315 0.000000 -0.045812 0.000000 -0.998950 2.513836 2.513836 2.513836
2051.777588 -2.646484 1874.676880 0.000000 -0.999282 0.000000 -0.037868 1.746057 1.746057 1.746057
2096.561768 -2.646484 1885.564209 0.000000 -0.999282 0.000000 -0.037868 1.746057 1.746057 1.746057
2095.427002 -0.588745 1849.474976 0.000000 -0.586285 0.000000 0.810105 1.000000 1.000000 1.000000
2081.743896 -1.838501 1868.736450 0.000000 -0.586285 0.000000 0.810105 1.000000 1.000000 1.000000
2079.629150 0.000000 1876.784302 0.000000 -0.586285 0.000000 0.810105 1.000000 1.000000 1.000000
1879.099365 -4.339874 511.150543 0.000000 0.000000 0.000000 1.000000 1.419556 1.419556 1.419556
1765.416260 -2.652649 557.869446 0.000000 0.000000 0.000000 1.000000 1.000000 1.000000 1.000000
2446.578613 -5.078201 248.976471 0.000000 0.000000 0.000000 1.000000 1.250008 1.250008 1.250008
2392.539551 -3.641479 244.173737 0.000000 -0.949187 0.000000 0.314714 1.000000 1.000000 1.000000
2395.547607 -3.641479 236.141220 0.000000 0.000000 0.000000 1.000000 1.000000 1.000000 1.000000
2858.603516 -1.180908 127.383385 0.000000 -0.972282 0.000000 -0.233812 0.687219 0.687219 0.687219
2866.850098 0.000000 119.776787 0.000000 0.000000 0.000000 1.000000 1.000000 1.000000 1.000000
1855.450073 0.000000 1857.699097 0.000000 0.791092 0.000000 -0.611698 0.949888 0.949888 0.949888
1851.330078 -3.044189 1848.648315 0.000000 0.810428 0.000000 0.585838 1.897734 1.897734 1.897734
1847.822510 -3.044189 1856.935181 0.000000 0.193083 0.000000 0.981182 1.471400 1.471400 1.471400
1850.489990 -3.044189 1842.895142 0.000000 0.331765 0.000000 -0.943362 1.802076 1.802076 1.802076
1866.375000 0.000000 2002.526855 0.000000 0.693962 0.000000 -0.720012 1.032273 1.032273 1.032273
1848.411987 0.000000 1864.629639 0.000000 -0.869712 0.000000 -0.493560 1.149182 1.149182 1.149182
1887.481689 -3.044189 2010.124512 0.000000 0.886857 0.000000 0.462044 2.062327 2.062327 2.062327
1858.144653 -3.044189 2004.096802 0.000000 0.333409 0.000000 0.942782 1.599016 1.599016 1.599016
1884.637573 -3.044189 2001.895386 0.000000 0.331765 0.000000 -0.943362 1.802076 1.802076 1.802076
1997.517212 0.000000 2093.389893 0.000000 0.145155 0.000000 -0.989409 1.314450 1.314450 1.314450
1878.954712 0.000000 2021.912109 0.000000 -0.869712 0.000000 -0.493560 1.149182 1.149182 1.149182
2010.932007 -3.044189 2076.965088 0.000000 0.990075 0.000000 -0.140542 1.830915 1.830915 1.830915
1996.019287 -3.044189 2104.198242 0.000000 0.819893 0.000000 0.572516 2.036115 2.036115 2.036115
2002.128540 -3.044189 2076.199707 0.000000 -0.279365 0.000000 -0.960185 1.802076 1.802076 1.802076
2019.508911 0.000000 2088.061035 0.000000 -0.994479 0.000000 0.104935 1.149182 1.149182 1.149182
2156.525146 0.000000 2052.475342 0.000000 -0.279365 0.000000 -0.960185 1.168375 1.168375 1.168375
2165.643799 -3.044189 2044.206665 0.000000 0.990075 0.000000 -0.140542 1.830915 1.830915 1.830915
2162.246826 -3.044189 2070.701660 0.000000 -0.417993 0.000000 -0.908450 1.534881 1.534881 1.534881
2156.840332 -3.044189 2043.441162 0.000000 -0.279365 0.000000 -0.960185 1.802076 1.802076 1.802076
2239.177734 0.000000 1929.972168 0.000000 -0.748776 0.000000 -0.662823 1.048054 1.048054 1.048054
2174.220703 0.000000 2055.302490 0.000000 -0.994479 0.000000 0.104935 1.149182 1.149182 1.149182
2242.692871 0.000000 1908.715454 0.000000 -0.961896 0.000000 0.273416 1.149182 1.149182 1.149182
2236.498047 -3.044189 1927.745483 0.000000 -0.267095 0.000000 -0.963670 1.263833 1.263833 1.263833
2260.228760 -3.044189 1925.182129 0.000000 -0.200138 0.000000 -0.979768 1.283428 1.283428 1.283428
2242.747070 -3.044189 1915.977783 0.000000 -0.961896 0.000000 0.273416 1.551606 1.551606 1.551606
2085.696045 0.000000 1674.758911 0.000000 -0.842294 0.000000 0.539018 0.912000 0.912000 0.912000
2258.958252 0.000000 1918.362183 0.000000 -0.961896 0.000000 0.273416 1.149182 1.149182 1.149182
2078.040283 0.000000 1667.272705 0.000000 0.000000 0.000000 1.000000 1.000000 1.000000 1.000000
2088.903564 -3.044189 1679.524658 0.000000 -0.842294 0.000000 0.539018 1.231366 1.231366 1.231366
2070.492432 -3.044189 1671.590576 0.000000 -0.888229 0.000000 0.459401 1.350183 1.350183 1.350183
2081.268555 -3.044189 1661.881714 0.000000 0.000000 0.000000 1.000000 1.350183 1.350183 1.350183
2063.991211 0.000000 1679.903442 0.000000 -0.660326 0.000000 0.750979 0.821643 0.821643 0.821643
2065.542725 0.000000 1674.461914 0.000000 0.000000 0.000000 1.000000 1.000000 1.000000 1.000000
2003.538208 0.000000 2018.117920 0.000000 -0.935397 0.000000 0.353598 1.178064 1.178064 1.178064
2001.213989 0.000000 2016.863159 0.000000 0.000000 0.000000 1.000000 0.747156 0.747156 0.747156
2104.056396 -2.326538 2042.488770 0.000000 0.781390 0.000000 -0.624043 2.106144 2.106144 2.106144
2074.270752 -2.148193 2054.149658 0.000000 -0.030604 0.000000 0.999532 2.230353 2.230353 2.230353
"}
object={
	name="cliff coastline 02"
	clamp_to_water_level=no
	render_under_water=yes
	generated_content=no
	layer="temp_layer"
	pdxmesh="cliff_coastline_02_mesh"
	count=41
	transform="2091.402588 -2.789795 2644.272461 0.000000 0.000000 0.000000 1.000000 1.000000 1.000000 1.000000
3482.110107 -1.446655 2344.197266 0.000000 0.987812 0.000000 -0.155650 1.000000 1.000000 1.000000
2105.340088 0.470093 1836.378784 0.000000 0.904399 0.000000 -0.426689 0.861159 0.861159 0.861159
2097.427979 0.470093 1881.517578 0.000000 -0.804230 0.000000 -0.594319 0.861159 0.861159 0.861159
2080.383057 0.579834 1872.960693 0.000000 -0.477899 0.000000 0.878415 0.861159 0.861159 0.861159
2048.523193 0.579834 1859.680664 0.000000 0.918764 0.000000 -0.394807 1.210075 1.210075 1.210075
2021.998535 -0.367065 1897.510254 0.000000 0.918764 0.000000 -0.394807 1.210075 1.210075 1.210075
2030.504883 -2.767334 1919.128540 0.000000 -0.586285 0.000000 0.810105 2.137146 2.137146 2.137146
1765.356201 -0.369751 556.471069 0.000000 0.000000 0.000000 1.000000 1.000000 1.000000 1.000000
2448.849609 -0.923706 249.567017 0.000000 0.000000 0.000000 1.000000 1.151183 1.151183 1.151183
2390.804688 -2.059341 240.110962 0.000000 0.000000 0.000000 1.000000 1.000000 1.000000 1.000000
2870.158691 -1.263809 119.806961 0.000000 0.000000 0.000000 1.000000 1.000000 1.000000 1.000000
2863.654785 -1.240585 125.421570 0.000000 0.000000 0.000000 1.000000 1.000000 1.000000 1.000000
1858.387329 0.973755 1859.830444 0.000000 0.998177 0.000000 0.060356 0.836101 0.836101 0.836101
1857.741577 0.000000 1855.040405 0.000000 0.998177 0.000000 0.060356 1.232953 1.232953 1.232953
1867.726929 0.000000 1996.137451 0.000000 0.202487 0.000000 -0.979285 0.810584 0.810584 0.810584
1870.089233 0.973755 2003.835571 0.000000 0.996371 0.000000 -0.085119 0.908618 0.908618 0.908618
1867.929077 0.000000 1999.050659 0.000000 0.996371 0.000000 -0.085119 1.339889 1.339889 1.339889
1990.404541 0.000000 2089.283691 0.000000 -0.405395 0.000000 -0.914142 1.032161 1.032161 1.032161
2000.656372 0.973755 2089.479980 0.000000 0.760619 0.000000 -0.649198 1.156993 1.156993 1.156993
1993.994751 0.000000 2090.090576 0.000000 0.760619 0.000000 -0.649198 1.706154 1.706154 1.706154
2149.736084 0.000000 2054.907227 0.000000 -0.748776 0.000000 -0.662823 0.917456 0.917456 0.917456
2150.167480 0.973755 2066.887207 0.000000 -0.944211 0.000000 -0.329342 0.847115 0.847115 0.847115
2152.473633 0.000000 2061.946533 0.000000 -0.944211 0.000000 -0.329342 1.249195 1.249195 1.249195
2146.811279 0.000000 2065.723389 0.000000 -0.498512 0.000000 0.866883 1.750481 1.750481 1.750481
2155.757080 0.973755 2048.079834 0.000000 0.421831 0.000000 -0.906674 1.028416 1.028416 1.028416
2152.271484 0.000000 2052.905518 0.000000 0.421831 0.000000 -0.906674 1.516548 1.516548 1.516548
2236.157959 0.000000 1918.807373 0.000000 -0.748776 0.000000 -0.662823 1.048054 1.048054 1.048054
2235.562744 0.973755 1930.908936 0.000000 0.433363 0.000000 -0.901220 0.721249 0.721249 0.721249
2232.947998 0.000000 1933.939819 0.000000 0.433363 0.000000 -0.901220 1.214985 1.214985 1.214985
2243.021484 0.000000 1931.847290 0.000000 -0.961896 0.000000 0.273416 1.352379 1.352379 1.352379
2243.658203 0.973755 1912.144287 0.000000 -0.904046 0.000000 -0.427436 0.885477 0.885477 0.885477
2246.901855 0.000000 1908.390503 0.000000 -0.904046 0.000000 -0.427436 1.491636 1.491636 1.491636
2082.702393 0.000000 1684.480591 0.000000 -0.842294 0.000000 0.539018 0.912000 0.912000 0.912000
2087.856445 0.973755 1676.625122 0.000000 -0.988871 0.000000 -0.148773 0.702721 0.702721 0.702721
2088.354248 0.000000 1672.701050 0.000000 -0.988871 0.000000 -0.148773 1.183774 1.183774 1.183774
2089.169434 0.000000 1665.882812 0.000000 0.000000 0.000000 1.000000 1.000000 1.000000 1.000000
2078.970215 0.973755 1664.258911 0.000000 -0.658330 0.000000 0.752730 0.770528 0.770528 0.770528
2074.793945 0.000000 1665.545044 0.000000 -0.658330 0.000000 0.752730 1.297998 1.297998 1.297998
2059.162598 0.000000 1679.603760 0.000000 0.000000 0.000000 1.000000 1.000000 1.000000 1.000000
1993.677246 0.000000 2012.358521 0.000000 0.000000 0.000000 1.000000 1.000000 1.000000 1.000000
"}
