object={
	name="env_coast_foam_l"
	clamp_to_water_level=yes
	render_under_water=yes
	generated_content=no
	layer="coast_foam_layer"
	entity="env_coast_foam_l"
	count=5
	transform="2535.912842 0.000000 1714.500610 0.000000 0.000000 0.000000 1.000000 1.000000 1.000000 1.000000
3080.073486 0.000000 1559.791626 0.000000 0.405849 0.000000 0.913940 1.478204 1.478204 1.478204
2043.817505 0.000000 1872.818481 0.000000 0.459839 0.000000 0.888002 1.000000 1.000000 1.000000
2058.156738 0.000000 1826.949463 0.000000 -0.992360 0.000000 -0.123377 1.000000 1.000000 1.000000
2034.107666 0.000000 2082.783691 0.000000 0.506835 0.000000 0.862043 1.000000 1.000000 1.000000
"}
object={
	name="env_coast_foam_m"
	clamp_to_water_level=yes
	render_under_water=yes
	generated_content=no
	layer="coast_foam_layer"
	entity="env_coast_foam_m"
	count=5
	transform="2288.611572 0.000000 1820.472290 0.000000 0.577897 0.000000 0.816109 1.000000 1.000000 1.000000
2057.917725 0.000000 1873.364502 0.000000 -0.295858 0.000000 0.955232 1.000000 1.000000 1.000000
2062.922363 0.000000 1884.321411 0.000000 -0.738375 0.000000 0.674390 1.000000 1.000000 1.000000
2050.399170 0.000000 1895.132568 0.000000 -0.998720 0.000000 0.050572 1.000000 1.000000 1.000000
2039.190796 0.000000 1879.680420 0.000000 0.467922 0.000000 0.883770 1.000000 1.000000 1.000000
"}
object={
	name="env_coast_foam_s"
	clamp_to_water_level=yes
	render_under_water=yes
	generated_content=no
	layer="coast_foam_layer"
	entity="env_coast_foam_s"
	count=2
	transform="3173.137451 2.621338 2323.051758 0.000000 0.128792 0.000000 0.991672 1.000000 1.000000 1.000000
3169.380615 1.050415 2326.690918 0.000000 0.404007 0.000000 0.914756 1.000000 1.000000 1.000000
"}
