object={
	name="env_desert_plains"
	clamp_to_water_level=no
	render_under_water=no
	generated_content=no
	layer="env_effect_layer"
	entity="env_desert_plains"
	count=79
	transform="2214.216064 0.000000 700.847839 0.000000 0.000000 0.000000 1.000000 1.000000 1.000000 1.000000
2173.790771 0.000000 889.973022 0.000000 0.000000 0.000000 1.000000 1.000000 1.000000 1.000000
2375.881104 0.000000 861.730713 0.000000 0.000000 0.000000 1.000000 1.000000 1.000000 1.000000
2280.022705 0.000000 787.546753 0.000000 0.000000 0.000000 1.000000 1.000000 1.000000 1.000000
2492.490967 0.000000 703.676697 0.000000 0.000000 0.000000 1.000000 1.000000 1.000000 1.000000
2519.559326 0.000000 838.624512 0.000000 0.000000 0.000000 1.000000 1.000000 1.000000 1.000000
2652.183350 0.000000 751.044067 0.000000 0.000000 0.000000 1.000000 1.000000 1.000000 1.000000
2702.894287 0.000000 652.334106 0.000000 0.000000 0.000000 1.000000 1.000000 1.000000 1.000000
2715.046631 0.000000 778.323486 0.000000 0.000000 0.000000 1.000000 1.000000 1.000000 1.000000
2885.723877 0.000000 775.564392 0.000000 0.000000 0.000000 1.000000 1.000000 1.000000 1.000000
2850.781494 0.000000 644.524536 0.000000 0.000000 0.000000 1.000000 1.000000 1.000000 1.000000
2551.082275 0.000000 944.587219 0.000000 0.000000 0.000000 1.000000 1.000000 1.000000 1.000000
2481.507568 0.000000 1062.894897 0.000000 0.000000 0.000000 1.000000 1.000000 1.000000 1.000000
2572.705322 0.000000 1037.224854 0.000000 0.000000 0.000000 1.000000 1.000000 1.000000 1.000000
1873.897583 0.000000 906.189514 0.000000 0.000000 0.000000 1.000000 1.000000 1.000000 1.000000
1765.643921 0.000000 815.820190 0.000000 0.000000 0.000000 1.000000 1.000000 1.000000 1.000000
1658.128418 0.000000 754.540588 0.000000 0.000000 0.000000 1.000000 1.000000 1.000000 1.000000
1565.275146 0.000000 692.967529 0.000000 0.000000 0.000000 1.000000 1.000000 1.000000 1.000000
1718.483154 0.000000 1061.214722 0.000000 0.000000 0.000000 1.000000 1.000000 1.000000 1.000000
1611.871948 0.000000 943.366211 0.000000 0.000000 0.000000 1.000000 1.000000 1.000000 1.000000
1528.475220 0.000000 830.569336 0.000000 0.000000 0.000000 1.000000 1.000000 1.000000 1.000000
1403.453613 0.000000 722.250488 0.000000 0.000000 0.000000 1.000000 1.000000 1.000000 1.000000
1189.556763 0.000000 737.856262 0.000000 0.000000 0.000000 1.000000 1.000000 1.000000 1.000000
1403.793213 0.000000 889.842773 0.000000 0.000000 0.000000 1.000000 1.000000 1.000000 1.000000
1452.192749 0.000000 966.390930 0.000000 0.000000 0.000000 1.000000 1.000000 1.000000 1.000000
1547.675903 0.000000 1079.092163 0.000000 0.000000 0.000000 1.000000 1.000000 1.000000 1.000000
1556.766235 0.000000 1164.958618 0.000000 0.000000 0.000000 1.000000 1.000000 1.000000 1.000000
1608.476440 0.000000 1263.299927 0.000000 0.000000 0.000000 1.000000 1.000000 1.000000 1.000000
1713.486084 0.000000 1280.811523 0.000000 0.000000 0.000000 1.000000 1.000000 1.000000 1.000000
1388.851196 0.000000 1251.961548 0.000000 0.000000 0.000000 1.000000 1.000000 1.000000 1.000000
1180.815186 0.000000 1102.638184 0.000000 0.000000 0.000000 1.000000 1.000000 1.000000 1.000000
1183.585571 0.000000 978.033936 0.000000 0.000000 0.000000 1.000000 1.000000 1.000000 1.000000
1184.338745 0.000000 849.133545 0.000000 0.000000 0.000000 1.000000 1.000000 1.000000 1.000000
1025.336914 0.000000 706.697266 0.000000 0.000000 0.000000 1.000000 1.000000 1.000000 1.000000
849.698608 0.000000 760.729248 0.000000 0.000000 0.000000 1.000000 1.000000 1.000000 1.000000
1008.058716 0.000000 928.482910 0.000000 0.000000 0.000000 1.000000 1.000000 1.000000 1.000000
1014.780518 0.000000 1035.864258 0.000000 0.000000 0.000000 1.000000 1.000000 1.000000 1.000000
1089.987915 0.000000 1141.017578 0.000000 0.000000 0.000000 1.000000 1.000000 1.000000 1.000000
1174.599243 0.000000 1275.498291 0.000000 0.000000 0.000000 1.000000 1.000000 1.000000 1.000000
1146.807129 0.000000 1351.321045 0.000000 0.000000 0.000000 1.000000 1.000000 1.000000 1.000000
1017.012634 0.000000 1197.370483 0.000000 0.000000 0.000000 1.000000 1.000000 1.000000 1.000000
851.918518 0.000000 1058.499390 0.000000 0.000000 0.000000 1.000000 1.000000 1.000000 1.000000
860.161377 0.000000 947.018982 0.000000 0.000000 0.000000 1.000000 1.000000 1.000000 1.000000
746.308960 0.000000 811.868347 0.000000 0.000000 0.000000 1.000000 1.000000 1.000000 1.000000
698.153687 0.000000 732.384155 0.000000 0.000000 0.000000 1.000000 1.000000 1.000000 1.000000
509.947998 0.000000 707.288391 0.000000 0.000000 0.000000 1.000000 1.000000 1.000000 1.000000
546.022339 0.000000 837.718506 0.000000 0.000000 0.000000 1.000000 1.000000 1.000000 1.000000
556.738770 0.000000 928.236816 0.000000 0.000000 0.000000 1.000000 1.000000 1.000000 1.000000
598.620239 0.000000 985.457397 0.000000 0.000000 0.000000 1.000000 1.000000 1.000000 1.000000
706.283630 0.000000 1011.216187 0.000000 0.000000 0.000000 1.000000 1.000000 1.000000 1.000000
656.130371 0.000000 1122.408813 0.000000 0.000000 0.000000 1.000000 1.000000 1.000000 1.000000
728.497437 0.000000 1184.882446 0.000000 0.000000 0.000000 1.000000 1.000000 1.000000 1.000000
392.957397 0.000000 838.420044 0.000000 0.000000 0.000000 1.000000 1.000000 1.000000 1.000000
360.109650 0.000000 736.607910 0.000000 0.000000 0.000000 1.000000 1.000000 1.000000 1.000000
208.758408 0.000000 722.980652 0.000000 0.000000 0.000000 1.000000 1.000000 1.000000 1.000000
229.587189 0.000000 825.438599 0.000000 0.000000 0.000000 1.000000 1.000000 1.000000 1.000000
192.554245 0.000000 860.036194 0.000000 0.000000 0.000000 1.000000 1.000000 1.000000 1.000000
70.393005 0.000000 821.190857 0.000000 0.000000 0.000000 1.000000 1.000000 1.000000 1.000000
60.958801 0.000000 672.548584 0.000000 0.000000 0.000000 1.000000 1.000000 1.000000 1.000000
49.392059 0.000000 961.071594 0.000000 0.000000 0.000000 1.000000 1.000000 1.000000 1.000000
212.969131 0.000000 1026.560181 0.000000 0.000000 0.000000 1.000000 1.000000 1.000000 1.000000
397.048035 0.000000 1030.140503 0.000000 0.000000 0.000000 1.000000 1.000000 1.000000 1.000000
263.695251 0.000000 1219.354736 0.000000 0.000000 0.000000 1.000000 1.000000 1.000000 1.000000
332.659210 0.000000 1331.383057 0.000000 0.000000 0.000000 1.000000 1.000000 1.000000 1.000000
206.034119 0.000000 1382.048218 0.000000 0.000000 0.000000 1.000000 1.000000 1.000000 1.000000
140.601715 0.000000 746.279785 0.000000 0.000000 0.000000 1.000000 1.000000 1.000000 1.000000
358.555725 0.000000 706.199036 0.000000 0.000000 0.000000 1.000000 1.000000 1.000000 1.000000
569.349487 0.000000 756.061401 0.000000 0.000000 0.000000 1.000000 1.000000 1.000000 1.000000
660.471985 0.000000 861.346558 0.000000 0.000000 0.000000 1.000000 1.000000 1.000000 1.000000
740.732422 0.000000 702.202698 0.000000 0.000000 0.000000 1.000000 1.000000 1.000000 1.000000
1077.045044 0.000000 789.283081 0.000000 0.000000 0.000000 1.000000 1.000000 1.000000 1.000000
1299.668213 0.000000 867.088501 0.000000 0.000000 0.000000 1.000000 1.000000 1.000000 1.000000
1314.033081 0.000000 1036.562866 0.000000 0.000000 0.000000 1.000000 1.000000 1.000000 1.000000
1420.851562 0.000000 1119.796021 0.000000 0.000000 0.000000 1.000000 1.000000 1.000000 1.000000
1720.448120 0.000000 918.550903 0.000000 0.000000 0.000000 1.000000 1.000000 1.000000 1.000000
2093.094971 0.000000 676.023438 0.000000 0.000000 0.000000 1.000000 1.000000 1.000000 1.000000
2107.404053 0.000000 790.773193 0.000000 0.000000 0.000000 1.000000 1.000000 1.000000 1.000000
2372.598877 0.000000 672.230347 0.000000 0.000000 0.000000 1.000000 1.000000 1.000000 1.000000
2596.177490 0.000000 664.574280 0.000000 0.000000 0.000000 1.000000 1.000000 1.000000 1.000000
"}
object={
	name="env_mist"
	clamp_to_water_level=yes
	render_under_water=no
	generated_content=no
	layer="env_effect_layer"
	entity="env_mist"
	count=81
	transform="3183.329834 9.395874 2123.836426 0.000000 0.000000 0.000000 1.000000 2.301440 2.301440 2.301440
3050.561768 9.395874 2108.054199 0.000000 0.000000 0.000000 1.000000 2.301440 2.301440 2.301440
3363.619873 9.395874 1827.925049 0.000000 0.000000 0.000000 1.000000 2.301440 2.301440 2.301440
3319.374756 9.395874 1988.539185 0.000000 0.000000 0.000000 1.000000 2.301440 2.301440 2.301440
3202.691650 9.395874 1987.125488 0.000000 0.000000 0.000000 1.000000 2.301440 2.301440 2.301440
3127.135498 9.395874 2091.904297 0.000000 0.000000 0.000000 1.000000 2.301440 2.301440 2.301440
3106.094971 9.395874 1977.505981 0.000000 0.000000 0.000000 1.000000 2.301440 2.301440 2.301440
3026.324463 9.395874 1984.090820 0.000000 0.000000 0.000000 1.000000 2.301440 2.301440 2.301440
3137.172607 0.000000 2011.890991 0.000000 0.000000 0.000000 1.000000 2.301440 2.301440 2.301440
3250.222412 0.000000 2006.373535 0.000000 0.000000 0.000000 1.000000 2.301440 2.301440 2.301440
3387.538818 0.000000 1999.600220 0.000000 0.000000 0.000000 1.000000 2.301440 2.301440 2.301440
3518.910400 0.000000 2079.370117 0.000000 0.000000 0.000000 1.000000 2.301440 2.301440 2.301440
3416.860840 0.000000 1453.905518 0.000000 0.000000 0.000000 1.000000 2.301440 2.301440 2.301440
3305.086182 0.000000 2090.936523 0.000000 0.000000 0.000000 1.000000 2.301440 2.301440 2.301440
3241.715088 0.000000 2121.751953 0.000000 0.000000 0.000000 1.000000 2.301440 2.301440 2.301440
3155.349365 0.000000 2177.589844 0.000000 0.000000 0.000000 1.000000 2.301440 2.301440 2.301440
3246.795654 0.000000 2213.701660 0.000000 0.000000 0.000000 1.000000 2.301440 2.301440 2.301440
3329.920166 0.000000 2184.360352 0.000000 0.000000 0.000000 1.000000 2.301440 2.301440 2.301440
3410.812012 0.000000 1549.394165 0.000000 0.000000 0.000000 1.000000 2.301440 2.301440 2.301440
3509.098389 0.000000 2194.785645 0.000000 0.000000 0.000000 1.000000 2.301440 2.301440 2.301440
3546.671143 0.000000 2287.115723 0.000000 0.000000 0.000000 1.000000 2.301440 2.301440 2.301440
3438.667725 0.000000 2258.033203 0.000000 0.000000 0.000000 1.000000 2.301440 2.301440 2.301440
3350.261963 0.000000 2269.005859 0.000000 0.000000 0.000000 1.000000 2.301440 2.301440 2.301440
2922.061768 0.000000 2656.599121 0.000000 0.000000 0.000000 1.000000 2.301440 2.301440 2.301440
2981.208252 0.000000 2629.701660 0.000000 0.000000 0.000000 1.000000 2.301440 2.301440 2.301440
3053.857666 0.000000 2560.894531 0.000000 0.000000 0.000000 1.000000 2.301440 2.301440 2.301440
3080.315674 0.000000 2621.313965 0.000000 0.000000 0.000000 1.000000 2.301440 2.301440 2.301440
3180.198486 0.000000 2666.748047 0.000000 0.000000 0.000000 1.000000 2.301440 2.301440 2.301440
3105.804932 0.000000 2696.063477 0.000000 0.000000 0.000000 1.000000 2.301440 2.301440 2.301440
3028.807373 0.000000 2710.650391 0.000000 0.000000 0.000000 1.000000 2.301440 2.301440 2.301440
2953.677490 0.000000 2705.703125 0.000000 0.000000 0.000000 1.000000 2.301440 2.301440 2.301440
2935.930908 0.000000 2778.648926 0.000000 0.000000 0.000000 1.000000 2.301440 2.301440 2.301440
3004.489014 0.000000 2793.648926 0.000000 0.000000 0.000000 1.000000 2.301440 2.301440 2.301440
3093.063721 0.000000 2787.623535 0.000000 0.000000 0.000000 1.000000 2.301440 2.301440 2.301440
3201.488037 0.000000 2764.512695 0.000000 0.000000 0.000000 1.000000 2.301440 2.301440 2.301440
3335.135498 0.000000 2717.323730 0.000000 0.000000 0.000000 1.000000 2.301440 2.301440 2.301440
3307.966064 0.000000 2633.551270 0.000000 0.000000 0.000000 1.000000 2.301440 2.301440 2.301440
3237.816162 0.000000 2558.508789 0.000000 0.000000 0.000000 1.000000 2.301440 2.301440 2.301440
3156.575928 0.000000 2509.819336 0.000000 0.000000 0.000000 1.000000 2.301440 2.301440 2.301440
3224.797607 0.000000 2499.363281 0.000000 0.000000 0.000000 1.000000 2.301440 2.301440 2.301440
3307.935303 0.000000 2552.694824 0.000000 0.000000 0.000000 1.000000 2.301440 2.301440 2.301440
3392.887939 0.000000 2623.628906 0.000000 0.000000 0.000000 1.000000 2.301440 2.301440 2.301440
3467.821045 0.000000 2577.471191 0.000000 0.000000 0.000000 1.000000 2.301440 2.301440 2.301440
3530.979248 0.000000 2517.745117 0.000000 0.000000 0.000000 1.000000 2.301440 2.301440 2.301440
3577.539307 0.000000 2496.272949 0.000000 0.000000 0.000000 1.000000 2.301440 2.301440 2.301440
3493.040527 0.000000 1823.726807 0.000000 0.000000 0.000000 1.000000 2.301440 2.301440 2.301440
3550.772949 0.000000 1783.817261 0.000000 0.000000 0.000000 1.000000 2.301440 2.301440 2.301440
3707.736572 0.000000 2406.024902 0.000000 0.000000 0.000000 1.000000 2.301440 2.301440 2.301440
3804.965088 0.000000 2334.582031 0.000000 0.000000 0.000000 1.000000 2.301440 2.301440 2.301440
3711.255127 0.000000 1708.012451 0.000000 0.000000 0.000000 1.000000 2.301440 2.301440 2.301440
3791.320557 0.000000 2240.448730 0.000000 0.000000 0.000000 1.000000 2.301440 2.301440 2.301440
3705.518311 0.000000 2217.798340 0.000000 0.000000 0.000000 1.000000 2.301440 2.301440 2.301440
3614.088623 0.000000 2139.182617 0.000000 0.000000 0.000000 1.000000 2.301440 2.301440 2.301440
3560.658936 0.000000 2036.249878 0.000000 0.000000 0.000000 1.000000 2.301440 2.301440 2.301440
3673.983398 0.000000 1430.861938 0.000000 0.000000 0.000000 1.000000 2.301440 2.301440 2.301440
3722.468506 0.000000 2128.116699 0.000000 0.000000 0.000000 1.000000 2.301440 2.301440 2.301440
3782.090088 0.000000 2054.443359 0.000000 0.000000 0.000000 1.000000 2.301440 2.301440 2.301440
3714.014404 0.000000 1978.444092 0.000000 0.000000 0.000000 1.000000 2.301440 2.301440 2.301440
3607.119385 0.000000 1936.994751 0.000000 0.000000 0.000000 1.000000 2.301440 2.301440 2.301440
3495.766846 0.000000 1928.468384 0.000000 0.000000 0.000000 1.000000 2.301440 2.301440 2.301440
3578.402100 0.000000 2438.583496 0.000000 0.000000 0.000000 1.000000 2.301440 2.301440 2.301440
3493.600830 0.000000 2340.720215 0.000000 0.000000 0.000000 1.000000 2.301440 2.301440 2.301440
3550.468506 0.000000 2182.429688 0.000000 0.000000 0.000000 1.000000 2.301440 2.301440 2.301440
3655.762939 0.000000 2121.388672 0.000000 0.000000 0.000000 1.000000 2.301440 2.301440 2.301440
3673.391357 0.000000 1957.651489 0.000000 0.000000 0.000000 1.000000 2.301440 2.301440 2.301440
3543.417725 0.000000 1772.814941 0.000000 0.000000 0.000000 1.000000 2.301440 2.301440 2.301440
3474.937988 0.000000 1394.410034 0.000000 0.000000 0.000000 1.000000 2.301440 2.301440 2.301440
3436.792236 0.000000 1893.606323 0.000000 0.000000 0.000000 1.000000 2.301440 2.301440 2.301440
3367.445557 0.000000 1911.445923 0.000000 0.000000 0.000000 1.000000 2.301440 2.301440 2.301440
3257.589111 0.000000 1911.577148 0.000000 0.000000 0.000000 1.000000 2.301440 2.301440 2.301440
3306.070068 0.000000 1825.163452 0.000000 0.000000 0.000000 1.000000 2.301440 2.301440 2.301440
3349.407959 0.000000 1727.328125 0.000000 0.000000 0.000000 1.000000 2.301440 2.301440 2.301440
3391.861572 0.000000 1795.996948 0.000000 0.000000 0.000000 1.000000 2.301440 2.301440 2.301440
3470.690674 0.000000 1811.788452 0.000000 0.000000 0.000000 1.000000 2.301440 2.301440 2.301440
3560.386963 0.000000 1849.481323 0.000000 0.000000 0.000000 1.000000 2.301440 2.301440 2.301440
3764.221436 0.000000 1849.896973 0.000000 0.000000 0.000000 1.000000 2.301440 2.301440 2.301440
3666.170166 0.000000 1797.799438 0.000000 0.000000 0.000000 1.000000 2.301440 2.301440 2.301440
3582.507568 0.000000 1747.243286 0.000000 0.000000 0.000000 1.000000 2.301440 2.301440 2.301440
3086.492920 0.745117 2371.124023 0.000000 -0.998829 0.000000 0.048378 0.196815 0.196815 0.196815
2545.821045 3.166748 1546.475586 0.000000 0.000000 0.000000 1.000000 0.165897 0.165897 0.165897
2546.469482 -0.906067 1546.798828 0.000000 0.000000 0.000000 1.000000 0.232996 0.232996 0.232996
"}
object={
	name="env_mist_forest"
	clamp_to_water_level=yes
	render_under_water=no
	generated_content=no
	layer="env_effect_layer"
	entity="env_mist_sun"
	count=0
}
object={
	name="env_river_rapids"
	clamp_to_water_level=yes
	render_under_water=no
	generated_content=no
	layer="env_effect_layer"
	entity="env_river_rapids"
	count=2
	transform="3076.701416 0.385132 2357.721680 0.000000 -0.994874 0.000000 -0.101119 1.000000 1.000000 1.000000
3105.070068 -1.007324 2340.575684 0.000000 -0.923986 0.000000 0.382427 0.649658 0.649658 0.649658
"}
object={
	name="env_sea_fog"
	clamp_to_water_level=yes
	render_under_water=no
	generated_content=no
	layer="env_effect_layer"
	entity="env_sea_fog"
	count=3
	transform="3084.644775 2.945312 2366.931641 0.000000 0.000000 0.000000 1.000000 1.000000 1.000000 1.000000
2527.158447 3.825317 1564.948608 0.000000 0.000000 0.000000 1.000000 1.000000 1.000000 1.000000
2555.337646 1.756714 1559.737183 0.000000 0.000000 0.000000 1.000000 1.000000 1.000000 1.000000
"}
object={
	name="env_sea_fog_large"
	clamp_to_water_level=yes
	render_under_water=no
	generated_content=no
	layer="env_effect_layer"
	entity="env_sea_fog_large"
	count=13
	transform="2075.175293 5.967651 2254.381836 0.000000 0.000000 0.000000 1.000000 1.000000 1.000000 1.000000
2188.716064 5.967651 2150.087402 0.000000 0.000000 0.000000 1.000000 1.000000 1.000000 1.000000
2373.858398 5.967651 1943.025146 0.000000 0.000000 0.000000 1.000000 1.000000 1.000000 1.000000
2225.878174 5.967651 1899.037964 0.000000 0.000000 0.000000 1.000000 1.000000 1.000000 1.000000
2046.835938 5.967651 1726.319092 0.000000 0.000000 0.000000 1.000000 1.000000 1.000000 1.000000
1891.220703 5.967651 1813.516479 0.000000 0.000000 0.000000 1.000000 1.000000 1.000000 1.000000
1891.895752 5.967651 1948.901978 0.000000 0.000000 0.000000 1.000000 1.000000 1.000000 1.000000
1966.540649 5.967651 2077.142578 0.000000 0.000000 0.000000 1.000000 1.000000 1.000000 1.000000
2081.968506 5.967651 2042.873413 0.000000 0.000000 0.000000 1.000000 1.000000 1.000000 1.000000
2129.455566 5.967651 1942.924316 0.000000 0.000000 0.000000 1.000000 1.000000 1.000000 1.000000
2010.758423 5.967651 1943.660156 0.000000 0.000000 0.000000 1.000000 1.000000 1.000000 1.000000
2012.777466 5.967651 1792.071777 0.000000 0.000000 0.000000 1.000000 1.000000 1.000000 1.000000
2050.174805 5.967651 1880.929443 0.000000 0.000000 0.000000 1.000000 1.000000 1.000000 1.000000
"}
object={
	name="waterfall"
	clamp_to_water_level=yes
	render_under_water=no
	generated_content=no
	layer="env_effect_layer"
	entity="waterfall"
	count=19
	transform="2289.274658 1.783203 1825.011963 0.000000 0.441259 0.000000 0.897380 1.000000 1.000000 1.000000
45.386177 1.404053 446.548096 0.000000 0.973439 0.000000 -0.228948 1.537170 1.537170 1.537170
44.392563 3.988953 444.823181 0.000000 0.973439 0.000000 -0.228948 1.537170 1.537170 1.537170
52.731941 1.953796 428.479950 0.000000 0.999998 0.000000 -0.002215 0.677998 0.677998 0.677998
51.413750 2.565338 428.671661 0.000000 0.999998 0.000000 -0.002215 0.677998 0.677998 0.677998
52.144550 3.110352 432.373932 0.000000 0.999998 0.000000 -0.002215 1.877802 1.877802 1.877802
2191.968018 1.897827 2562.981934 0.000000 0.846426 0.000000 -0.532506 0.463062 0.463062 0.463062
2088.583740 2.734009 2644.916992 0.000000 -0.903570 0.000000 -0.428441 1.000000 1.000000 1.000000
3424.635742 0.000000 1754.111328 0.000000 -0.221089 0.000000 0.975254 1.876953 1.876953 1.876953
3485.207275 2.112183 2345.865234 0.000000 -0.744009 0.000000 0.668170 1.000000 1.000000 1.000000
3187.701904 2.030762 2392.223145 0.000000 -0.818393 0.000000 -0.574659 1.175598 1.175598 1.175598
3090.949463 4.106445 2346.638672 0.000000 -0.974134 0.000000 -0.225972 1.352251 1.352251 1.352251
3090.512939 4.106445 2345.660645 0.000000 -0.920276 0.000000 -0.391271 1.352251 1.352251 1.352251
2545.184326 2.836975 1540.411255 0.000000 0.259773 0.000000 0.965670 1.000000 1.000000 1.000000
2542.758545 2.775513 1549.757690 0.000000 -0.886847 0.000000 -0.462064 1.000000 1.000000 1.000000
1880.500854 0.905548 514.243042 0.000000 0.996224 0.000000 0.086815 1.342688 1.342688 1.342688
1761.660645 2.143982 556.123962 0.000000 0.567302 0.000000 0.823510 1.196625 1.196625 1.196625
2446.613037 1.704102 233.489395 0.000000 -0.985145 0.000000 -0.171726 1.724658 1.724658 1.724658
2447.244141 2.844208 251.588959 0.000000 0.993698 0.000000 0.112095 1.536290 1.536290 1.536290
"}
object={
	name="waterfall_bottom"
	clamp_to_water_level=yes
	render_under_water=no
	generated_content=no
	layer="env_effect_layer"
	entity="waterfall_bottom"
	count=18
	transform="2289.452393 0.000000 1824.276001 0.000000 -0.731692 0.000000 0.681635 1.000000 1.000000 1.000000
44.522141 0.000000 444.488800 0.000000 0.055853 0.000000 0.998439 0.696783 0.696783 0.696783
52.176079 0.610596 433.022919 0.000000 0.000000 0.000000 1.000000 1.000000 1.000000 1.000000
2191.686768 1.368896 2562.936035 0.000000 0.569298 0.000000 0.822131 0.224699 0.224699 0.224699
2087.539307 -0.381104 2645.520996 0.000000 0.399556 0.000000 -0.916709 0.352199 0.352199 0.352199
3423.883545 -0.865234 2367.006348 0.000000 0.962874 0.000000 0.269950 0.780859 0.780859 0.780859
3484.453369 0.036255 2346.153320 0.000000 0.706677 0.000000 0.707537 0.531519 0.531519 0.531519
3187.649170 0.037231 2392.247070 0.000000 -0.587792 0.000000 0.809012 0.408408 0.408408 0.408408
3090.613525 0.315918 2346.506348 0.000000 -0.283942 0.000000 0.958841 0.762754 0.762754 0.762754
3101.919189 0.000000 2343.412109 0.000000 -0.310573 0.000000 0.950549 0.542288 0.542288 0.542288
2545.190186 0.988892 1540.301636 0.000000 0.975492 0.000000 -0.220034 0.530164 0.530164 0.530164
1880.682495 0.000000 513.072266 0.000000 -0.006546 0.000000 0.999979 0.673923 0.673923 0.673923
1763.591675 2.466431 556.723145 0.000000 -0.834721 0.000000 0.550674 0.552417 0.552417 0.552417
2447.082764 -0.635361 231.930191 0.000000 -0.229711 0.000000 0.973259 0.768103 0.768103 0.768103
2447.095459 -0.554382 250.736755 0.000000 -0.087474 0.000000 0.996167 0.694089 0.694089 0.694089
2042.456665 0.000000 1881.396606 0.000000 0.000000 0.000000 1.000000 1.000000 1.000000 1.000000
2047.105591 0.000000 1876.897339 0.000000 0.926219 0.000000 -0.376986 1.000000 1.000000 1.000000
2059.284424 -0.692871 1880.641235 0.000000 0.810179 0.000000 0.586182 1.000000 1.000000 1.000000
"}
