object={
	name="big_statue"
	clamp_to_water_level=no
	render_under_water=yes
	generated_content=no
	layer="temp_layer"
	pdxmesh="broken_statue_mesh"
	count=5
	transform="3100.345947 -4.462585 1269.954590 0.000000 0.485707 0.000000 0.874122 1.635905 1.635905 1.635905
2678.849365 0.000000 2500.368164 0.000000 0.550894 0.000000 0.834575 1.264819 1.264819 1.264819
2383.123779 0.000000 2215.383789 0.000000 -0.976402 0.000000 0.215962 0.180354 0.180354 0.180354
3406.137939 3.064453 2400.626953 0.000000 0.162888 0.000000 0.986645 0.534204 0.534204 0.534204
2993.796143 5.307281 171.669067 0.000000 -0.341900 0.000000 0.939736 0.449658 0.449658 0.449658
"}
object={
	name="sea_tower"
	clamp_to_water_level=no
	render_under_water=yes
	generated_content=no
	layer="temp_layer"
	pdxmesh="underwater_building_mesh"
	count=24
	transform="2384.357666 -2.015991 2216.764648 0.000000 0.144965 0.000000 0.989437 0.235090 0.235090 0.235090
2382.905518 -1.813232 2217.247070 0.000000 0.144965 0.000000 0.989437 0.226257 0.226257 0.226257
2382.264404 -1.813232 2215.245605 0.000000 0.144965 0.000000 0.989437 0.226257 0.226257 0.226257
2383.822510 -1.813232 2214.705078 0.000000 0.144965 0.000000 0.989437 0.226257 0.226257 0.226257
2371.769287 -21.592041 2456.372070 0.000000 0.000000 0.000000 1.000000 1.514148 1.514148 1.514148
3392.573975 -14.470581 2390.366211 0.000000 0.542513 0.000000 0.840048 1.176428 1.176428 1.176428
3281.780029 -50.526733 2325.171875 0.000000 -0.989420 0.000000 0.145081 3.693923 3.693923 3.693923
3420.945557 -8.060181 2406.118652 0.000000 -0.992754 0.000000 -0.120166 0.675024 0.675024 0.675024
3399.851807 -8.060181 2402.417480 0.000000 -0.998155 0.000000 0.060719 0.675024 0.675024 0.675024
3410.954346 -18.362305 2408.418457 0.000000 -0.970509 0.000000 0.241067 1.437580 1.437580 1.437580
3371.492920 -14.551392 2430.740234 0.000000 -0.952364 0.000000 0.304965 1.231919 1.231919 1.231919
3360.642334 -14.551392 2430.206055 0.000000 -0.973718 0.000000 -0.227755 1.231919 1.231919 1.231919
3321.449463 -43.827148 2405.520996 0.000000 -0.630423 0.000000 0.776251 2.865058 2.865058 2.865058
3313.491943 -27.415527 2369.453125 0.000000 -0.630423 0.000000 0.776251 2.055755 2.055755 2.055755
3361.787842 -26.309937 2353.085449 0.000000 -0.832250 0.000000 0.554400 1.789912 1.789912 1.789912
3407.001221 -26.309937 2350.877930 0.000000 -0.832250 0.000000 0.554400 1.789912 1.789912 1.789912
3419.260498 -26.309937 2385.737793 0.000000 -0.832250 0.000000 0.554400 1.789912 1.789912 1.789912
3442.937256 -17.593994 2336.177734 0.000000 -0.130063 0.000000 0.991506 1.372919 1.372919 1.372919
3418.704346 -14.901245 2336.720215 0.000000 0.457670 0.000000 0.889122 1.372919 1.372919 1.372919
3403.247314 -29.791992 2360.844727 0.000000 0.457670 0.000000 0.889122 2.304561 2.304561 2.304561
3399.025635 -14.470581 2386.044922 0.000000 0.201372 0.000000 0.979515 1.176428 1.176428 1.176428
3405.550049 -12.732300 2383.324707 0.000000 0.322124 0.000000 0.946697 1.176428 1.176428 1.176428
2546.837158 -9.847046 1546.873047 0.000000 -0.315732 0.000000 0.948848 1.000000 1.000000 1.000000
3327.738525 -31.229858 2336.120605 0.000000 -0.927300 0.000000 0.374319 2.382152 2.382152 2.382152
"}