object={
	name="Academy"
	clamp_to_water_level=yes
	render_under_water=yes
	generated_content=no
	layer="temp_layer"
	entity="building_greek_academy_entity"
	count=4
	transform="2768.319092 0.000000 2357.337402 0.000000 -0.815477 0.000000 0.578790 3.555374 3.555374 3.555374
2715.266846 0.000000 2008.111206 0.000000 0.951167 0.000000 -0.308677 2.524552 2.524552 2.524552
2201.496094 0.000000 1795.298950 0.000000 -0.540101 0.000000 0.841600 1.623120 1.623120 1.623120
2099.929199 -0.512695 1832.083252 0.000000 0.000000 0.000000 1.000000 1.877344 1.877344 1.877344
"}
object={
	name="Academy_Ruins"
	clamp_to_water_level=yes
	render_under_water=yes
	generated_content=no
	layer="temp_layer"
	entity="building_greek_academy_ruins_entity"
	count=8
	transform="3122.950928 0.000000 1754.495728 0.000000 0.000000 0.000000 1.000000 1.000000 1.000000 1.000000
3185.640869 0.273193 2352.748047 0.000000 -0.863637 0.000000 -0.504114 0.651245 0.651245 0.651245
3085.209717 -3.331909 2371.651367 0.000000 0.000000 0.000000 1.000000 4.808569 4.808569 4.808569
3069.424561 -1.795410 2348.505859 -0.000000 -0.606163 0.000000 0.795341 4.709402 4.709402 4.709402
2338.882568 0.240723 270.175201 0.000000 -0.705683 0.000000 0.708528 2.251288 2.251288 2.251288
2043.328491 -5.389282 1977.374756 0.000000 -0.060501 0.000000 -0.998168 7.985109 7.985109 7.985109
2051.113770 -5.384644 1877.202881 0.000000 0.000000 0.000000 1.000000 11.095205 11.095205 11.095205
2074.608643 3.685547 2054.706055 0.000000 0.368486 0.000000 0.929633 1.221576 1.221576 1.221576
"}
object={
	name="building_greek_ruins_01_a"
	clamp_to_water_level=yes
	render_under_water=yes
	generated_content=no
	layer="temp_layer"
	entity="building_greek_ruins_01_a_entity"
	count=7
	transform="3120.989990 0.000000 1752.669067 0.000000 0.687977 0.000000 0.725733 0.706717 0.706717 0.706717
2187.961182 -0.387817 2561.585449 0.000000 0.877009 0.000000 -0.480474 1.000000 1.000000 1.000000
2186.861572 -0.387817 2560.690918 0.000000 0.877009 0.000000 -0.480474 1.000000 1.000000 1.000000
3166.419678 -1.289795 2320.103516 0.000000 -0.995793 0.000000 0.091633 1.492584 1.492584 1.492584
2390.755859 -0.868378 335.335510 0.000000 0.200446 0.000000 0.979705 1.821899 1.821899 1.821899
2896.956299 -4.130711 39.858147 0.000000 -0.114070 0.000000 0.993473 2.075103 2.075103 2.075103
2963.715820 -1.311127 297.768280 0.000000 -0.485333 0.000000 0.874329 2.640741 2.640741 2.640741
"}
object={
	name="building_greek_ruins_01_b"
	clamp_to_water_level=yes
	render_under_water=yes
	generated_content=no
	layer="temp_layer"
	entity="building_greek_ruins_01_b_entity"
	count=6
	transform="2678.846436 0.200000 1758.064941 0.000000 0.367953 0.000000 -0.251132 0.600000 0.600000 0.600000
3089.228760 -0.991821 1262.964233 0.000000 0.291862 0.000000 0.956460 1.498993 1.498993 1.498993
2565.740479 -0.318420 1558.697266 0.000000 0.406044 0.000000 0.913853 1.000000 1.000000 1.000000
2542.234131 -0.078674 1588.835815 0.000000 0.427763 0.000000 0.903891 0.528583 0.528583 0.528583
2893.367920 -5.351685 43.622581 0.000000 -0.074485 0.000000 0.997222 2.610992 2.610992 2.610992
3187.839844 -0.635483 110.738525 0.000000 0.000000 0.000000 1.000000 1.967195 1.967195 1.967195
"}
object={
	name="building_greek_ruins_01_c"
	clamp_to_water_level=yes
	render_under_water=yes
	generated_content=no
	layer="temp_layer"
	entity="building_greek_ruins_01_c_entity"
	count=11
	transform="2677.346436 0.200000 1758.264893 0.000000 0.367953 0.000000 -0.251132 0.600000 0.600000 0.600000
3082.445557 -3.151428 1263.603760 0.000000 0.501559 0.000000 -0.865124 2.710319 2.710319 2.710319
3081.935303 -1.819702 1259.156738 0.000000 0.806014 0.000000 -0.591896 1.813824 1.813824 1.813824
3088.666260 -2.297424 1260.231323 0.000000 -0.451717 0.000000 0.892161 3.347153 3.347153 3.347153
2420.240967 -2.106567 1768.954346 0.000000 -0.511890 0.000000 0.859051 2.853113 2.853113 2.853113
2188.971924 -0.387329 2556.739746 0.000000 0.798025 0.000000 0.602624 1.315381 1.315381 1.315381
3123.128662 -0.316895 2375.324219 0.000000 -0.478890 0.000000 0.877875 1.000000 1.000000 1.000000
3172.629150 -0.991089 2363.100098 0.000000 0.000000 0.000000 1.000000 1.906750 1.906750 1.906750
2889.150879 -1.695175 108.534584 0.000000 -0.304708 0.000000 0.952446 2.922986 2.922986 2.922986
2993.764648 -3.500061 171.669250 0.000000 -0.356227 0.000000 0.934399 5.424885 5.424885 5.424885
2117.549316 -15.157837 1921.809082 0.000000 -0.687002 0.000000 0.726656 9.338320 9.338320 9.338320
"}
object={
	name="building_greek_ruins_02_a"
	clamp_to_water_level=yes
	render_under_water=yes
	generated_content=no
	layer="temp_layer"
	entity="building_greek_ruins_02_a_entity"
	count=11
	transform="2677.046631 0.200000 1756.264893 0.000000 0.767953 0.000000 0.151132 0.600000 0.600000 0.600000
3155.383545 -1.610352 2305.773438 0.000000 -0.969079 0.000000 0.246749 1.770142 1.770142 1.770142
2546.679443 0.000000 1566.371704 0.000000 0.000000 0.000000 1.000000 1.000000 1.000000 1.000000
2541.698486 -0.225891 1584.977905 0.000000 -0.459649 0.000000 0.888101 1.000000 1.000000 1.000000
2813.895996 -2.412354 49.939861 0.000000 -0.350567 -0.000000 -0.936538 4.443448 4.443448 4.443448
2979.764893 -1.560883 153.832352 0.000000 -0.311472 0.000000 0.950255 3.704631 3.704631 3.704631
3271.646484 -2.490578 75.859535 0.000000 -0.704341 0.000000 0.709862 6.020294 6.020294 6.020294
1962.916382 0.000000 2024.685303 0.000000 -0.921688 0.000000 0.387932 1.000000 1.000000 1.000000
3126.689697 0.000000 1752.201172 0.000000 0.692129 0.000000 0.721774 0.851660 0.851660 0.851660
2540.817139 0.000000 1565.610107 0.000000 0.998538 0.000000 0.054046 1.000000 1.000000 1.000000
2552.164307 -0.645996 1567.008667 0.000000 0.988818 0.000000 0.149126 1.000000 1.000000 1.000000
"}
object={
	name="building_greek_ruins_02_c"
	clamp_to_water_level=yes
	render_under_water=yes
	generated_content=no
	layer="temp_layer"
	entity="building_greek_ruins_02_c_entity"
	count=2
	transform="2675.546631 0.200000 1759.264893 0.000000 0.367953 0.000000 -0.251132 0.600000 0.600000 0.600000
3120.933350 0.000000 1751.422241 0.000000 0.998239 0.000000 0.059317 0.545192 0.545192 0.545192
"}
object={
	name="Pagan_Temple_01_a"
	clamp_to_water_level=yes
	render_under_water=yes
	generated_content=no
	layer="temp_layer"
	entity="building_mediterranean_temple_pagan_01_a_entity"
	count=1
	transform="2548.960205 -1.510437 1549.768188 0.000000 -0.865940 0.000000 0.500147 1.000000 1.000000 1.000000
"}
object={
	name="Pagan_Temple_01_a_ruins"
	clamp_to_water_level=yes
	render_under_water=yes
	generated_content=no
	layer="temp_layer"
	entity="building_mediterranean_temple_pagan_01_a_ruins_entity"
	count=4
	transform="3154.678467 -0.157471 2350.650879 0.000000 0.000000 0.000000 1.000000 0.693848 0.693848 0.693848
3087.541748 -4.235962 2345.912598 0.000000 -0.996890 0.000000 0.078802 4.646848 4.646848 4.646848
2883.737061 -3.173622 39.320461 0.000000 -0.769067 0.000000 0.639168 3.579566 3.579566 3.579566
2014.860107 -4.571411 1934.876221 0.000000 0.000000 0.000000 1.000000 3.438709 3.438709 3.438709
"}
object={
	name="Pagan_Temple_01_b"
	clamp_to_water_level=yes
	render_under_water=yes
	generated_content=no
	layer="temp_layer"
	entity="building_mediterranean_temple_pagan_01_b_entity"
	count=1
	transform="3086.024658 0.000000 1267.072144 0.000000 -0.370783 0.000000 0.928719 0.765985 0.765985 0.765985
"}
object={
	name="Pagan_Temple_01_b_ruins"
	clamp_to_water_level=yes
	render_under_water=yes
	generated_content=no
	layer="temp_layer"
	entity="building_mediterranean_temple_pagan_01_b_ruins_entity"
	count=5
	transform="3069.239502 -1.945557 2348.506348 0.000000 0.000000 0.000000 1.000000 3.461707 3.461707 3.461707
3154.367432 -0.324951 2306.286621 0.000000 -0.549314 0.000000 0.835616 1.368579 1.368579 1.368579
2540.783936 0.000000 1582.373901 0.000000 0.000000 0.000000 1.000000 1.000000 1.000000 1.000000
1954.106445 0.000000 2042.546021 0.000000 0.000000 0.000000 1.000000 1.000000 1.000000 1.000000
2103.716797 2.543091 2043.143188 0.000000 0.000000 0.000000 1.000000 1.164840 1.164840 1.164840
"}
object={
	name="Pagan_Temple_02_a"
	clamp_to_water_level=yes
	render_under_water=yes
	generated_content=no
	layer="temp_layer"
	entity="building_mediterranean_temple_pagan_02_a_entity"
	count=2
	transform="2133.546631 0.000000 1774.264893 0.000000 0.167953 0.000000 0.851132 0.500000 0.500000 0.500000
3088.866455 -4.289795 1270.695923 0.000000 -0.055239 0.000000 0.998473 0.933970 0.933970 0.933970
"}
object={
	name="Pagan_Temple_02_a_ruins"
	clamp_to_water_level=yes
	render_under_water=yes
	generated_content=no
	layer="temp_layer"
	entity="building_mediterranean_temple_pagan_02_a_ruins_entity"
	count=2
	transform="3125.226807 0.000000 1757.001343 0.000000 0.000000 0.000000 1.000000 0.547803 0.547803 0.547803
2383.413330 -0.428101 2216.104004 0.000000 -0.989126 0.000000 0.147074 0.636438 0.636438 0.636438
"}
object={
	name="Pagan_Temple_02_b"
	clamp_to_water_level=yes
	render_under_water=yes
	generated_content=no
	layer="temp_layer"
	entity="building_mediterranean_temple_pagan_02_b_entity"
	count=2
	transform="2126.546631 0.200000 1772.264893 0.000000 -0.367953 0.000000 0.851132 0.400000 0.400000 0.400000
2548.462646 -1.966309 1556.928467 0.000000 -0.730651 0.000000 0.682751 0.785831 0.785831 0.785831
"}
object={
	name="Pagan_Temple_02_b_ruins"
	clamp_to_water_level=yes
	render_under_water=yes
	generated_content=no
	layer="temp_layer"
	entity="building_mediterranean_temple_pagan_02_b_ruins_entity"
	count=2
	transform="3184.002686 0.000000 2410.082520 0.000000 -0.898282 0.000000 0.439419 0.513049 0.513049 0.513049
2848.862061 -0.611801 10.214054 0.000000 -0.779591 0.000000 0.626289 1.000000 1.000000 1.000000
"}
object={
	name="special_building_punic_cothon"
	clamp_to_water_level=yes
	render_under_water=yes
	generated_content=no
	layer="temp_layer"
	entity="special_building_punic_cothon_entity"
	count=3
	transform="3168.970459 0.174683 2594.490723 0.000000 0.637480 0.000000 0.770467 1.435010 1.435010 1.435010
2537.426025 0.000000 1588.238159 0.000000 0.766663 0.000000 0.642050 0.316760 0.316760 0.316760
2207.072998 0.195679 1805.070435 0.000000 0.755239 0.000000 0.655450 0.667536 0.667536 0.667536
"}