object={
	name="gh_crystal_01"
	clamp_to_water_level=yes
	render_under_water=yes
	generated_content=no
	layer="gh_environmental"
	entity="gh_crystal_1_entity"
	count=12
	transform="2195.356689 -13.586792 2120.070312 0.000000 0.741168 0.000000 0.671320 0.693956 0.693956 0.693956
1975.335938 -13.586792 1819.056030 0.000000 0.741168 0.000000 0.671320 0.424588 0.424588 0.424588
1962.346313 -3.873901 1939.582764 0.000000 0.068169 0.000000 0.997674 0.207509 0.207509 0.207509
2047.250488 -3.873901 1887.045898 0.000000 0.998561 0.000000 -0.053629 0.233351 0.233351 0.233351
2044.707275 -4.135986 1882.197021 0.000000 0.484986 0.000000 0.874521 0.233351 0.233351 0.233351
2048.712646 -4.135986 1876.650635 0.000000 0.628312 0.000000 0.777961 0.170361 0.170361 0.170361
2044.348511 -7.769043 1885.059204 0.000000 0.758440 0.000000 0.651743 0.297715 0.297715 0.297715
2048.878906 -6.144165 1922.859131 0.000000 0.988310 0.000000 0.152460 0.206678 0.206678 0.206678
2049.131592 -5.332886 1923.724854 0.000000 0.993603 0.000000 0.112929 0.149196 0.149196 0.149196
2041.649902 -12.877686 1864.288574 0.000000 0.357254 0.000000 0.934007 0.514275 0.514275 0.514275
2044.894531 -8.006104 1884.445068 0.000000 0.894276 0.000000 0.447515 0.348650 0.348650 0.348650
2057.352783 -5.438721 1879.633545 0.000000 0.000000 0.000000 1.000000 0.269659 0.269659 0.269659
"}
object={
	name="gh_shipwreck_1_aft"
	clamp_to_water_level=yes
	render_under_water=yes
	generated_content=no
	layer="gh_environmental"
	entity="gh_shipwreck_1_aft_entity"
	count=6
	transform="2004.035278 5.363281 2073.653809 0.000000 0.113630 0.000000 0.993523 3.326200 3.326200 3.326200
2044.492065 0.000000 1874.625488 0.000000 -0.507979 0.000000 0.861369 3.494312 3.494312 3.494312
2064.317871 -1.393799 1874.176025 0.000000 -0.967238 0.000000 0.253870 3.459192 3.459192 3.459192
2044.018555 0.000000 1854.892822 0.000000 0.000000 0.000000 1.000000 1.840991 1.840991 1.840991
2029.829590 -1.001343 1921.031738 0.000000 0.485560 0.000000 0.874203 2.587097 2.587097 2.587097
2078.520508 -2.296509 1847.015625 0.000000 -0.993749 0.000000 0.111640 2.809549 2.809549 2.809549
"}
object={
	name="gh_shipwreck_1_mast"
	clamp_to_water_level=yes
	render_under_water=yes
	generated_content=no
	layer="gh_environmental"
	entity="gh_shipwreck_1_mast_entity"
	count=3
	transform="2048.622070 0.251221 1860.528809 0.000000 0.757136 0.000000 0.653258 3.252223 3.252223 3.252223
2078.053955 -1.750854 1848.436523 0.000000 -0.233808 0.000000 0.972283 3.522415 3.522415 3.522415
2076.248779 -0.799561 1850.808472 0.000000 0.000000 0.000000 1.000000 3.742915 3.742915 3.742915
"}
object={
	name="gh_shipwreck_1_whole"
	clamp_to_water_level=yes
	render_under_water=yes
	generated_content=no
	layer="gh_environmental"
	entity="gh_shipwreck_1_whole_entity"
	count=0
}
object={
	name="gh_special_sea_arm"
	clamp_to_water_level=yes
	render_under_water=yes
	generated_content=no
	layer="gh_environmental"
	entity="gh_special_sea_arm_entity"
	count=1
	transform="1995.832520 -3.703613 2075.101074 0.000000 -0.185045 -0.000000 -0.982730 4.103571 4.103571 4.103571
"}
