object={
	name="env_red_desert"
	clamp_to_water_level=no
	render_under_water=no
	generated_content=no
	layer="gh_effect_layer"
	entity="env_red_desert"
	count=7
	transform="4047.247314 0.000000 859.117981 0.000000 0.000000 0.000000 1.000000 1.000000 1.000000 1.000000
4066.403076 0.000000 888.032104 0.000000 0.000000 0.000000 1.000000 1.000000 1.000000 1.000000
4041.771729 0.000000 917.806580 0.000000 0.000000 0.000000 1.000000 1.000000 1.000000 1.000000
4007.678955 0.000000 887.642822 0.000000 0.000000 0.000000 1.000000 1.000000 1.000000 1.000000
4018.660889 0.000000 957.363281 0.000000 -0.142337 0.000000 0.989818 1.000000 1.000000 1.000000
3979.036865 0.000000 977.549316 0.000000 0.000000 0.000000 1.000000 1.000000 1.000000 1.000000
3954.446045 0.000000 1004.926392 0.000000 0.000000 0.000000 1.000000 1.000000 1.000000 1.000000
"}
object={
	name="env_undead"
	clamp_to_water_level=no
	render_under_water=yes
	generated_content=no
	layer="gh_effect_layer"
	entity="env_undead"
	count=0
}
object={
	name="env_towermagic"
	clamp_to_water_level=no
	render_under_water=yes
	generated_content=no
	layer="gh_effect_layer"
	entity="env_towermagic"
	count=1
	transform="2049.952148 28 1881.878174 0.000000 0.000000 0.000000 1.000000 10 10 10
"}