object={
	name="Brown_bear"
	clamp_to_water_level=yes
	render_under_water=yes
	generated_content=no
	layer="gh_animals"
	entity="brown_bear_entity"
	count=5
	transform="3325.088135 0.000000 2368.501465 0.000000 -0.326273 -0.000000 -0.945276 0.723856 0.723856 0.723856
3152.994873 0.000000 2383.643555 0.000000 -0.575122 0.000000 -0.818067 0.214215 0.214215 0.214215
3152.079346 0.000000 2384.656250 0.000000 -0.248646 0.000000 0.968594 0.214215 0.214215 0.214215
3153.019775 0.000000 2384.785645 0.000000 0.366954 0.000000 0.930239 0.411462 0.411462 0.411462
3179.133057 0.000000 2292.816895 0.000000 -0.780368 0.000000 -0.625320 0.516626 0.516626 0.516626
"}
object={
	name="Camel"
	clamp_to_water_level=yes
	render_under_water=yes
	generated_content=no
	layer="gh_animals"
	entity="camel_entity"
	count=8
	transform="595.947815 0.000000 1221.265503 0.000000 -0.746071 0.000000 -0.665866 1.000000 1.000000 1.000000
802.656555 0.000000 1308.042358 0.000000 0.000000 0.000000 1.000000 1.000000 1.000000 1.000000
405.701294 0.000000 1288.929688 0.000000 0.000000 0.000000 1.000000 1.000000 1.000000 1.000000
2434.188232 0.000000 233.173996 0.000000 -0.999985 0.000000 0.005458 0.771781 0.771781 0.771781
2435.954102 0.000000 233.415405 0.000000 -0.973419 0.000000 -0.229032 0.716309 0.716309 0.716309
2368.019043 0.000000 241.609177 0.000000 -0.959808 0.000000 0.280659 0.716309 0.716309 0.716309
2894.326416 0.000000 570.118530 0.000000 0.000000 0.000000 1.000000 1.000000 1.000000 1.000000
2896.779053 0.000000 568.090942 0.000000 0.452751 0.000000 0.891637 0.721924 0.721924 0.721924
"}
object={
	name="Crocodile"
	clamp_to_water_level=yes
	render_under_water=yes
	generated_content=no
	layer="gh_animals"
	entity="crocodile_entity"
	count=14
	transform="1869.313965 0.000000 773.562012 0.000000 0.000000 0.000000 1.000000 1.000000 1.000000 1.000000
2060.558350 0.000000 990.934937 0.000000 0.000000 0.000000 1.000000 1.000000 1.000000 1.000000
2394.973389 0.000000 254.202209 0.000000 -0.864333 0.000000 0.502919 1.000000 1.000000 1.000000
2830.521240 0.000000 67.247887 0.000000 0.000000 0.000000 1.000000 1.000000 1.000000 1.000000
2855.248779 0.000000 3.025583 0.000000 -0.871008 0.000000 0.491268 0.775293 0.775293 0.775293
3169.400391 0.000000 11.967472 0.000000 -0.599781 0.000000 -0.800164 3.247632 3.247632 3.247632
3156.486084 0.000000 12.590965 0.000000 -0.660738 0.000000 0.750616 1.000000 1.000000 1.000000
3167.506104 0.000000 14.382370 0.000000 0.541051 0.000000 0.840990 1.000000 1.000000 1.000000
2938.186523 0.000000 215.580429 0.000000 0.000000 0.000000 1.000000 1.000000 1.000000 1.000000
2988.909180 0.000000 283.114258 0.000000 -0.531158 0.000000 0.847273 1.000000 1.000000 1.000000
2929.387451 0.000000 295.452972 0.000000 -0.351069 0.000000 -0.936350 1.000000 1.000000 1.000000
2873.980957 0.000000 276.102203 0.000000 0.467248 0.000000 0.884126 1.000000 1.000000 1.000000
2800.205811 0.000000 264.160858 0.000000 0.787592 0.000000 0.616197 1.000000 1.000000 1.000000
2663.220459 0.000000 591.208557 0.000000 0.000000 0.000000 1.000000 1.000000 1.000000 1.000000
"}
object={
	name="Eagle"
	clamp_to_water_level=yes
	render_under_water=yes
	generated_content=no
	layer="gh_animals"
	entity="eagle_entity"
	count=12
	transform="3012.227783 5.941895 1763.435425 0.000000 -0.629807 0.000000 0.776752 1.149756 1.149756 1.149756
2727.674072 2.653687 2062.675293 0.000000 0.000000 0.000000 1.000000 1.000000 1.000000 1.000000
3152.357178 10.530273 2583.520996 0.000000 0.000000 0.000000 1.000000 1.000000 1.000000 1.000000
2190.500732 12.879517 2558.612305 0.000000 0.000000 0.000000 1.000000 1.000000 1.000000 1.000000
3274.505615 10.356445 2380.954590 0.000000 -0.834135 0.000000 -0.551560 2.025049 2.025049 2.025049
3375.542725 9.394775 2348.685547 0.000000 0.000000 0.000000 1.000000 2.025049 2.025049 2.025049
3177.969482 7.838501 2352.734863 0.000000 0.000000 0.000000 1.000000 1.000000 1.000000 1.000000
3221.692871 0.000000 30.100521 0.000000 0.000000 0.000000 1.000000 1.000000 1.000000 1.000000
3250.569580 22.740204 124.358879 0.000000 0.000000 0.000000 1.000000 7.272120 7.272120 7.272120
3269.290283 19.097092 116.045975 0.000000 0.640916 0.000000 0.767611 1.000000 1.000000 1.000000
3250.741211 27.710480 126.329849 0.000000 -0.963039 0.000000 0.269363 1.000000 1.000000 1.000000
2799.257568 0.000000 457.873871 0.000000 0.000000 0.000000 1.000000 1.000000 1.000000 1.000000
"}
object={
	name="elephant_african"
	clamp_to_water_level=yes
	render_under_water=yes
	generated_content=no
	layer="gh_animals"
	entity="elephant_african_entity"
	count=4
	transform="2926.295654 0.000000 776.537231 0.000000 -0.983729 0.000000 -0.179656 1.000000 1.000000 1.000000
2860.522705 0.000000 826.945312 0.000000 -0.508753 0.000000 -0.860913 1.000000 1.000000 1.000000
2467.998535 0.000000 305.985413 0.000000 -0.736101 0.000000 -0.676872 0.538977 0.538977 0.538977
2468.360352 0.000000 308.622284 0.000000 0.356427 0.000000 0.934323 1.000000 1.000000 1.000000
"}
object={
	name="giraffe"
	clamp_to_water_level=yes
	render_under_water=yes
	generated_content=no
	layer="gh_animals"
	entity="giraffe_entity"
	count=0
}
object={
	name="Morrigon_dragon"
	clamp_to_water_level=yes
	render_under_water=yes
	generated_content=no
	layer="gh_animals"
	entity="dragon_01_entity"
	count=1
	transform="3646.322021 0.000000 3290.871338 0.000000 -0.799764 0.000000 -0.600315 0.168273 0.168273 0.168273
"}
object={
	name="Polar_bear"
	clamp_to_water_level=yes
	render_under_water=yes
	generated_content=no
	layer="gh_animals"
	entity="polar_bear_entity"
	count=0
}
object={
	name="seagull"
	clamp_to_water_level=yes
	render_under_water=no
	generated_content=no
	layer="gh_animals"
	entity="gh_seagull_port_entity"
	count=22
	transform="2288.204834 0.000000 1821.101807 0.000000 0.000000 0.000000 1.000000 1.000000 1.000000 1.000000
3056.747803 0.000000 1556.537354 0.000000 0.998236 0.000000 0.059378 1.000000 1.000000 1.000000
2733.020752 0.000000 1667.152832 0.000000 0.000000 0.000000 1.000000 1.000000 1.000000 1.000000
2737.602783 0.000000 2369.091797 0.000000 0.000000 0.000000 1.000000 1.000000 1.000000 1.000000
2723.804443 0.000000 1987.032959 0.000000 0.000000 0.000000 1.000000 1.000000 1.000000 1.000000
601.754272 0.000000 1401.912720 0.000000 0.000000 0.000000 1.000000 1.000000 1.000000 1.000000
1488.377075 0.000000 1584.746094 0.000000 0.000000 0.000000 1.000000 1.000000 1.000000 1.000000
1973.259277 0.000000 1473.901489 0.000000 0.000000 0.000000 1.000000 1.000000 1.000000 1.000000
2244.962158 0.000000 2380.280762 0.000000 0.000000 0.000000 1.000000 1.000000 1.000000 1.000000
3084.571045 0.430176 2371.323242 0.000000 0.000000 0.000000 1.000000 1.000000 1.000000 1.000000
2546.405518 0.754456 1546.767578 0.000000 0.000000 0.000000 1.000000 1.000000 1.000000 1.000000
2430.894531 3.409973 311.097260 0.000000 0.652891 0.000000 0.757452 1.000000 1.000000 1.000000
2422.264404 3.409973 315.914093 0.000000 0.000000 0.000000 1.000000 1.000000 1.000000 1.000000
2377.562744 3.360382 266.602600 0.000000 0.000000 0.000000 1.000000 1.000000 1.000000 1.000000
2989.009277 0.000000 168.312271 0.000000 0.000000 0.000000 1.000000 1.000000 1.000000 1.000000
2996.569580 0.000000 311.095886 0.000000 0.000000 0.000000 1.000000 1.000000 1.000000 1.000000
2904.146729 0.000000 263.639648 0.000000 0.000000 0.000000 1.000000 1.000000 1.000000 1.000000
2774.817383 0.000000 281.675110 0.000000 0.000000 0.000000 1.000000 1.000000 1.000000 1.000000
2614.563232 0.000000 453.408081 0.000000 0.000000 0.000000 1.000000 1.000000 1.000000 1.000000
2619.317871 0.000000 439.437988 0.000000 -0.959696 0.000000 0.281040 0.875391 0.875391 0.875391
2702.939453 0.000000 592.984558 0.000000 0.000000 0.000000 1.000000 1.000000 1.000000 1.000000
2867.061523 14.242355 124.089165 0.000000 0.000000 0.000000 1.000000 1.272041 1.272041 1.272041
"}
object={
	name="Seals"
	clamp_to_water_level=yes
	render_under_water=yes
	generated_content=no
	layer="gh_animals"
	entity="seal_entity"
	count=0
}
object={
	name="whales"
	clamp_to_water_level=yes
	render_under_water=yes
	generated_content=no
	layer="gh_animals"
	entity="whale_entity"
	count=18
	transform="2674.868896 0.000000 1370.491943 0.000000 0.000000 0.000000 1.000000 1.443402 1.443402 1.443402
3223.258057 0.000000 818.636841 0.000000 0.000000 0.000000 1.000000 1.000000 1.000000 1.000000
3622.018799 0.000000 1106.348389 0.000000 0.000000 0.000000 1.000000 1.000000 1.000000 1.000000
2125.268799 0.000000 1293.667358 0.000000 0.000000 0.000000 1.000000 1.000000 1.000000 1.000000
893.301270 0.000000 1887.891968 0.000000 0.000000 0.000000 1.000000 1.000000 1.000000 1.000000
2506.972412 0.000000 2353.945312 0.000000 0.000000 0.000000 1.000000 1.000000 1.000000 1.000000
3088.375244 0.000000 2363.964355 0.000000 0.271600 0.000000 0.962410 0.116931 0.116931 0.116931
3087.960205 0.000000 2364.467773 0.000000 0.152268 0.000000 0.988339 0.116931 0.116931 0.116931
3087.960205 0.000000 2364.467773 0.000000 0.000000 0.000000 1.000000 0.116931 0.116931 0.116931
2842.953857 0.000000 514.901123 0.000000 0.305588 0.000000 -0.952164 1.457994 1.457994 1.457994
2831.233887 0.000000 367.053802 0.000000 -0.320150 0.000000 -0.947367 1.035636 1.035636 1.035636
2694.457031 0.000000 423.310638 0.000000 -0.320150 0.000000 -0.947367 1.035636 1.035636 1.035636
3001.088867 0.000000 401.775330 0.000000 -0.947343 0.000000 -0.320221 1.311941 1.311941 1.311941
2822.022705 0.000000 368.821106 0.000000 -0.947343 0.000000 -0.320221 1.311941 1.311941 1.311941
2803.403320 0.000000 455.642883 0.000000 -0.994529 0.000000 -0.104458 2.530770 2.530770 2.530770
2775.878662 0.000000 513.884216 0.000000 0.000000 0.000000 1.000000 1.454846 1.454846 1.454846
2763.003906 0.000000 352.685150 0.000000 0.000000 0.000000 1.000000 1.000000 1.000000 1.000000
3089.543213 0.000000 101.864899 0.000000 0.000000 0.000000 1.000000 1.000000 1.000000 1.000000
"}
object={
	name="zebra"
	clamp_to_water_level=yes
	render_under_water=yes
	generated_content=no
	layer="gh_animals"
	entity="zebra_entity"
	count=0
}
