object={
	name="Tower_Normal"
	clamp_to_water_level=no
	render_under_water=yes
	generated_content=no
	layer="gh_special_buildings"
	entity="aersanon_tower_entity"
	count=13
	transform="2049.952148 -2.271118 1881.878174 0.000000 0.000000 0.000000 1.000000 1.787377 1.787377 1.787377
3844.771240 0.000000 1533.030151 0.000000 0.000000 0.000000 1.000000 1.000000 1.000000 1.000000
28.845905 0.000000 1513.373413 0.000000 0.000000 0.000000 1.000000 1.000000 1.000000 1.000000
2867.643555 2.884354 123.317657 0.000000 -0.443722 0.000000 0.896165 1.000000 1.000000 1.000000
4124.535156 0.000000 1697.054077 0.000000 0.000000 0.000000 1.000000 1.000000 1.000000 1.000000
3753.982422 0.000000 3071.229980 0.000000 0.000000 0.000000 1.000000 1.000000 1.000000 1.000000
2176.035156 0.000000 3174.669189 0.000000 0.000000 0.000000 1.000000 1.000000 1.000000 1.000000
4281.136719 0.000000 1093.573975 0.000000 0.000000 0.000000 1.000000 1.000000 1.000000 1.000000
5417.875488 0.000000 726.808960 0.000000 -0.772838 0.000000 0.634604 1.000000 1.000000 1.000000
4380.571777 -4.630173 26.447329 0.000000 0.000000 0.000000 1.000000 1.000000 1.000000 1.000000
3176.929932 -5.949463 3.259602 0.000000 0.000000 0.000000 1.000000 1.000000 1.000000 1.000000
606.823975 0.000000 345.512360 0.000000 -0.840654 0.000000 0.541573 1.000000 1.000000 1.000000
3622.476074 0.000000 2287.167969 0.000000 0.000000 0.000000 1.000000 1.236987 1.236987 1.236987
"}
