object={
	name="lakes"
	clamp_to_water_level=no
	render_under_water=no
	generated_content=no
	layer="lake_layer"
	pdxmesh="lake_mesh"
	count=43
	transform="2813.700928 2.739136 2514.629883 0.000000 0.000000 0.000000 1.000000 8.911889 8.911889 8.911889
43.115486 2.079895 1059.111694 0.000000 0.317901 0.000000 0.948124 9.733609 9.733609 9.733609
52.590885 2.763916 1046.960693 0.000000 -0.179481 0.000000 0.983761 7.596764 7.596764 7.596764
2191.801514 1.182983 2562.487793 0.000000 0.715623 0.000000 0.698487 3.174839 3.174839 3.174839
3481.528564 0.939697 2345.036621 0.000000 0.998844 0.000000 0.048073 2.018191 2.018191 2.018191
3171.144775 3.065674 2324.003418 0.000000 0.207765 0.000000 0.978179 5.328069 5.328069 5.328069
3085.895752 2.569824 2365.567871 0.000000 -0.795665 0.000000 0.605737 31.813660 31.813660 31.813660
2459.708740 3.098511 3233.304199 0.000000 0.804348 0.000000 -0.594159 13.570921 13.570921 13.570921
2444.389893 4.888062 3245.557617 0.000000 0.998315 0.000000 0.058023 13.570921 13.570921 13.570921
2424.977295 1.678345 3239.870117 0.000000 0.998315 0.000000 0.058023 13.570921 13.570921 13.570921
2395.581787 6.360229 3227.598633 0.000000 0.921447 0.000000 -0.388503 13.694003 13.694003 13.694003
2376.613525 5.744995 3208.250977 0.000000 0.999951 0.000000 0.009929 12.880778 12.880778 12.880778
2288.562744 1.127808 3161.055176 0.000000 0.999951 0.000000 0.009929 12.880778 12.880778 12.880778
2183.182373 2.997436 3110.368164 0.000000 0.481045 0.000000 0.876696 12.880778 12.880778 12.880778
2168.289795 -2.072144 3076.360352 0.000000 0.818354 0.000000 0.574714 21.898340 21.898340 21.898340
2177.569092 -1.047486 3025.307617 0.000000 0.818354 0.000000 0.574714 21.898340 21.898340 21.898340
2163.047607 -3.438599 2986.876465 0.000000 0.818354 0.000000 0.574714 21.898340 21.898340 21.898340
2109.655029 -0.177857 2948.635742 0.000000 0.818354 0.000000 0.574714 21.898340 21.898340 21.898340
2133.610840 2.533813 2905.949219 0.000000 0.691633 0.000000 0.722249 21.898340 21.898340 21.898340
2136.904053 2.010865 2841.257324 0.000000 0.449088 0.000000 0.893488 21.898340 21.898340 21.898340
2149.683350 2.065795 2863.453125 0.000000 0.449088 0.000000 0.893488 18.546709 18.546709 18.546709
2069.496094 1.064331 2851.298828 0.000000 0.991341 0.000000 0.131314 13.318254 13.318254 13.318254
2059.726318 1.034546 2749.279297 0.000000 0.991341 0.000000 0.131314 13.318254 13.318254 13.318254
2055.814209 1.252320 2728.957031 0.000000 0.991341 0.000000 0.131314 11.536272 11.536272 11.536272
1973.161621 0.718384 2657.387207 0.000000 -0.203674 0.000000 0.979039 11.536272 11.536272 11.536272
1953.614868 2.069336 2652.629639 0.000000 -0.203674 0.000000 0.979039 11.536272 11.536272 11.536272
1939.051758 3.044189 2628.140625 0.000000 -0.203674 0.000000 0.979039 11.536272 11.536272 11.536272
1880.937256 3.367798 2604.210449 0.000000 0.857495 0.000000 0.514493 11.536272 11.536272 11.536272
1907.163574 1.256714 2612.924316 0.000000 0.000000 0.000000 1.000000 11.536272 11.536272 11.536272
1599.348999 1.353760 3186.641602 0.000000 0.460950 0.000000 0.887426 7.051989 7.051989 7.051989
1608.034180 1.612549 3180.996094 0.000000 -0.233096 0.000000 0.972454 8.895670 8.895670 8.895670
3580.512939 3.778442 2137.833008 0.000000 0.000000 0.000000 1.000000 17.377079 17.377079 17.377079
1872.521606 3.802521 555.147522 0.000000 -0.913539 0.000000 0.406751 26.858366 26.858366 26.858366
1775.682373 2.550934 560.745483 0.000000 -0.184454 0.000000 0.982841 10.965570 10.965570 10.965570
1743.954712 3.635284 547.913452 0.000000 -0.184454 0.000000 0.982841 21.150393 21.150393 21.150393
1898.455811 -1.198090 447.537689 0.000000 0.575117 0.000000 0.818072 65.086411 65.086411 65.086411
2463.609131 3.448349 276.130188 0.000000 0.757753 0.000000 0.652541 28.537708 28.537708 28.537708
2407.951904 4.958694 275.137665 0.000000 0.692041 0.000000 0.721858 89.226578 89.226578 89.226578
2610.864014 2.954529 414.088898 0.000000 -0.972934 0.000000 -0.231082 6.741836 6.741836 6.741836
2605.663818 1.742035 421.120819 0.000000 -0.615456 0.000000 0.788172 5.976934 5.976934 5.976934
2538.115234 1.379028 950.240051 0.000000 -0.071259 0.000000 0.997458 17.317781 17.317781 17.317781
2577.586914 -1.160645 1800.165527 0.000000 0.824886 0.000000 0.565298 28.164433 28.164433 28.164433
1408.258545 1.355942 83.294174 0.000000 0.280912 0.000000 0.959734 7.202376 7.202376 7.202376
"}
