object={
	name="hadrians wall 01"
	clamp_to_water_level=no
	render_under_water=yes
	generated_content=no
	layer="temp_layer"
	pdxmesh="hadrians_wall_01_a_mesh"
	count=6
	transform="183.847427 0.000000 1289.931885 0.000000 0.970106 0.000000 0.242680 1.747381 1.747381 1.747381
200.280960 0.000000 1278.600952 0.000000 -0.499705 0.000000 0.866196 1.747381 1.747381 1.747381
179.049057 0.000000 1274.564209 0.000000 0.467558 0.000000 0.883962 1.747381 1.747381 1.747381
2389.530518 0.000000 2218.369141 0.000000 0.999190 0.000000 0.040237 0.326141 0.326141 0.326141
3161.132568 0.000000 2301.018555 0.000000 0.811251 0.000000 0.584698 0.514099 0.514099 0.514099
3697.105957 0.000000 2856.485352 0.000000 0.512886 0.000000 0.858457 2.486301 2.486301 2.486301
"}
object={
	name="hadrians wall 02"
	clamp_to_water_level=no
	render_under_water=yes
	generated_content=no
	layer="temp_layer"
	pdxmesh="hadrians_wall_01_b_mesh"
	count=8
	transform="250.488586 0.000000 1285.061157 0.000000 -0.314282 0.000000 0.949330 1.000000 1.000000 1.000000
3560.928467 0.000000 1459.528442 0.000000 -0.730463 0.000000 0.682952 1.000000 1.000000 1.000000
2192.743408 0.000000 2557.232422 0.000000 -0.218916 0.000000 0.975744 0.530625 0.530625 0.530625
3155.397217 0.000000 2361.704590 0.000000 0.451254 0.000000 0.892395 0.436877 0.436877 0.436877
3160.255127 0.000000 2304.393555 0.000000 0.472609 0.000000 0.881272 0.536792 0.536792 0.536792
2456.471436 0.000000 322.599457 0.000000 0.742845 0.000000 0.669463 1.000000 1.000000 1.000000
3696.343018 0.000000 2760.322510 0.000000 -0.752049 0.000000 0.659107 2.030994 2.030994 2.030994
3655.821533 0.000000 2880.663086 0.000000 -0.891625 0.000000 0.452775 2.794931 2.794931 2.794931
"}
object={
	name="hadrians wall 03"
	clamp_to_water_level=no
	render_under_water=yes
	generated_content=no
	layer="temp_layer"
	pdxmesh="hadrians_wall_01_c_mesh"
	count=21
	transform="195.457687 0.000000 1292.001587 0.000000 -0.289205 0.000000 -0.957267 1.701177 1.701177 1.701177
195.573364 0.000000 1271.843384 0.000000 -0.982424 0.000000 -0.186662 1.701177 1.701177 1.701177
187.008453 0.000000 1269.327515 0.000000 -0.984574 0.000000 0.174971 1.701177 1.701177 1.701177
176.491501 0.000000 1283.545044 0.000000 -0.410077 0.000000 0.912051 1.701177 1.701177 1.701177
200.858231 0.000000 1288.616821 0.000000 0.594040 0.000000 0.804435 1.701177 1.701177 1.701177
3558.712158 0.000000 1451.985962 0.000000 -0.953793 0.000000 -0.300465 1.000000 1.000000 1.000000
2190.045654 0.000000 2561.058594 0.000000 0.801159 0.000000 0.598451 0.489380 0.489380 0.489380
2189.829834 0.000000 2559.241699 0.000000 0.911247 0.000000 0.411861 0.489380 0.489380 0.489380
2192.204346 0.000000 2559.718262 0.000000 -0.917081 0.000000 -0.398701 0.579138 0.579138 0.579138
2190.126221 0.000000 2556.413574 0.000000 -0.993837 0.000000 0.110851 0.579138 0.579138 0.579138
2190.715088 0.000000 2558.520996 0.000000 -0.993837 0.000000 0.110851 0.579138 0.579138 0.579138
2383.294189 0.000000 2219.387207 0.000000 -0.197156 0.000000 0.980372 0.451587 0.451587 0.451587
3194.383057 0.000000 2391.105957 0.000000 0.953683 0.000000 -0.300814 0.658264 0.658264 0.658264
3162.961670 0.000000 2371.048828 0.000000 0.932518 0.000000 0.361123 0.541614 0.541614 0.541614
3156.941650 0.000000 2308.401855 0.000000 0.260981 0.000000 0.965344 0.536364 0.536364 0.536364
3158.829346 0.000000 2301.443848 0.000000 -0.863180 0.000000 0.504896 0.469259 0.469259 0.469259
2441.592285 0.000000 254.055649 0.000000 0.000000 0.000000 1.000000 1.000000 1.000000 1.000000
3642.078613 0.000000 2925.839111 0.000000 -0.572555 0.000000 0.819866 2.568820 2.568820 2.568820
3701.390625 0.000000 2839.016113 0.000000 -0.671843 0.000000 0.740694 3.041717 3.041717 3.041717
3687.164551 0.000000 2798.467529 0.000000 -0.371067 0.000000 0.928606 3.041717 3.041717 3.041717
3594.716797 0.000000 2999.222656 0.000000 -0.991241 0.000000 -0.132064 2.276099 2.276099 2.276099
"}
object={
	name="hadrians wall 04"
	clamp_to_water_level=no
	render_under_water=yes
	generated_content=no
	layer="temp_layer"
	pdxmesh="hadrians_wall_01_d_mesh"
	count=11
	transform="179.038376 0.000000 1278.791382 0.000000 0.504640 0.000000 0.863330 2.229578 2.229578 2.229578
199.205276 0.000000 1287.144531 0.000000 0.000000 0.000000 1.000000 1.000000 1.000000 1.000000
194.122559 0.000000 1273.794434 0.000000 -0.835071 0.000000 0.550142 1.000000 1.000000 1.000000
187.538773 0.000000 1280.027710 0.000000 0.000000 0.000000 1.000000 1.432983 1.432983 1.432983
3122.385498 0.000000 2350.961914 0.000000 -0.702823 0.000000 0.711365 1.000000 1.000000 1.000000
3158.305908 0.000000 2307.016602 0.000000 0.000000 0.000000 1.000000 0.629858 0.629858 0.629858
2365.114746 0.000000 288.496796 0.000000 0.664874 0.000000 0.746955 1.628314 1.628314 1.628314
3693.191895 0.000000 2854.270020 0.000000 -0.526470 0.000000 0.850194 2.193775 2.193775 2.193775
3641.126465 0.000000 2970.186523 0.000000 0.000000 0.000000 1.000000 1.000000 1.000000 1.000000
3644.121826 0.000000 2949.467529 0.000000 -0.911949 0.000000 0.410303 1.887036 1.887036 1.887036
3637.265625 0.000000 2918.769531 0.000000 0.000000 0.000000 1.000000 1.774780 1.774780 1.774780
"}
object={
	name="mines"
	clamp_to_water_level=no
	render_under_water=yes
	generated_content=no
	layer="temp_layer"
	pdxmesh="building_special_mines_mesh"
	count=17
	transform="3123.217041 0.000000 1727.721313 0.000000 0.577524 0.000000 0.816374 0.939600 0.939600 0.939600
2753.880127 0.000000 2052.220703 0.000000 0.000000 0.000000 1.000000 1.358618 1.358618 1.358618
2961.813232 0.000000 1765.142334 0.000000 0.509004 0.000000 0.860764 1.198914 1.198914 1.198914
3128.657471 0.000000 1806.327271 0.000000 0.432172 0.000000 0.901791 0.826819 0.826819 0.826819
3083.484131 0.000000 1338.734253 0.000000 0.269455 0.000000 0.963013 1.000000 1.000000 1.000000
3349.955811 0.000000 1404.295166 0.000000 0.796607 0.000000 0.604498 1.000000 1.000000 1.000000
3949.974854 0.000000 1305.374390 0.000000 -0.505374 0.000000 0.862900 1.140375 1.140375 1.140375
3660.197021 0.000000 1518.138184 0.000000 0.732669 0.000000 0.680585 1.049904 1.049904 1.049904
2810.063232 2.703735 2516.828125 0.000000 -0.590849 0.000000 0.806782 0.748715 0.748715 0.748715
2172.475342 0.000000 1025.068237 0.000000 0.998964 0.000000 0.045512 1.264980 1.264980 1.264980
101.760452 0.181824 1271.659546 0.000000 -0.839159 0.000000 -0.543887 1.031654 1.031654 1.031654
587.365295 0.000000 1690.370728 0.000000 0.000000 0.000000 1.000000 2.115822 2.115822 2.115822
674.981140 0.000000 1272.099976 0.000000 0.999731 0.000000 -0.023173 1.791121 1.791121 1.791121
1861.520508 0.000000 1171.276001 0.000000 0.000000 0.000000 1.000000 1.333826 1.333826 1.333826
1736.286255 0.000000 1547.074829 0.000000 0.000000 0.000000 1.000000 1.366784 1.366784 1.366784
1743.837524 0.000000 660.791260 0.000000 -0.419761 0.000000 0.907635 1.466059 1.466059 1.466059
2530.935303 0.000000 2532.800293 0.000000 0.687844 0.000000 0.725859 1.713656 1.713656 1.713656
"}
object={
	name="special_brihadeeswarar_temple"
	clamp_to_water_level=no
	render_under_water=yes
	generated_content=no
	layer="temp_layer"
	pdxmesh="building_special_brihadeeswarar_temple_mesh"
	count=5
	transform="1275.354004 0.000000 1460.478394 0.000000 0.709327 0.000000 0.704879 0.649242 0.649242 0.649242
51.716003 -5.923401 1035.742798 0.000000 0.758860 0.000000 0.651254 2.149673 2.149673 2.149673
32.623802 -3.554077 437.106079 0.000000 0.803894 0.000000 0.594773 1.703836 1.703836 1.703836
2546.857178 -2.690369 1546.809082 0.000000 0.947551 0.000000 0.319605 1.000000 1.000000 1.000000
2998.442871 -1.812073 287.240906 0.000000 -0.832267 0.000000 0.554375 1.000000 1.000000 1.000000
"}
object={
	name="special_cathedral_generic"
	clamp_to_water_level=no
	render_under_water=yes
	generated_content=no
	layer="temp_layer"
	pdxmesh="building_special_cathedral_generic_mesh"
	count=0
}
object={
	name="special_cathedral_pagan"
	clamp_to_water_level=no
	render_under_water=yes
	generated_content=no
	layer="temp_layer"
	pdxmesh="building_special_cathedral_pagan_mesh"
	count=1
	transform="3069.182861 0.000000 2348.733887 0.000000 0.000000 0.000000 1.000000 0.455115 0.455115 0.455115
"}
object={
	name="special_colosseum"
	clamp_to_water_level=no
	render_under_water=yes
	generated_content=no
	layer="temp_layer"
	pdxmesh="building_special_colosseum_mesh"
	count=1
	transform="2425.546631 0.500000 1771.264893 0.000000 0.000000 0.000000 0.000000 0.500000 0.500000 0.500000
"}
object={
	name="special_great_mosque_of_djenne"
	clamp_to_water_level=no
	render_under_water=yes
	generated_content=no
	layer="temp_layer"
	pdxmesh="building_special_great_mosque_of_djenne_mesh"
	count=1
	transform="2326.254150 0.000000 2686.097656 0.000000 -0.556231 0.000000 0.831028 0.349268 0.349268 0.349268
"}
object={
	name="special_great_mosque_of_mecca"
	clamp_to_water_level=no
	render_under_water=yes
	generated_content=no
	layer="temp_layer"
	pdxmesh="building_special_great_mosque_of_mecca_mesh"
	count=2
	transform="1274.549805 -4.020142 1459.742554 0.000000 0.895421 0.000000 0.445221 1.407765 1.407765 1.407765
2531.471436 -7.446777 1560.249390 0.000000 0.549237 0.000000 0.835666 1.257642 1.257642 1.257642
"}
object={
	name="special_notre_dame"
	clamp_to_water_level=no
	render_under_water=yes
	generated_content=no
	layer="temp_layer"
	pdxmesh="building_special_notre_dame_mesh"
	count=1
	transform="2186.271240 0.000000 2561.998535 0.000000 -0.910819 0.000000 0.412806 0.747082 0.747082 0.747082
"}
object={
	name="special_palace_of_aachen"
	clamp_to_water_level=no
	render_under_water=yes
	generated_content=no
	layer="temp_layer"
	pdxmesh="building_special_palace_of_aachen_mesh"
	count=0
}
object={
	name="special_pyramids_giza"
	clamp_to_water_level=no
	render_under_water=yes
	generated_content=no
	layer="temp_layer"
	pdxmesh="building_special_pyramids_giza_mesh"
	count=6
	transform="190.240860 0.031250 1270.791992 0.000000 0.710252 0.000000 0.703948 1.000000 1.000000 1.000000
185.267166 -1.827026 1282.018311 0.000000 0.000000 0.000000 1.000000 1.000000 1.000000 1.000000
186.401230 -3.956421 1286.623169 0.000000 0.000000 0.000000 1.000000 1.000000 1.000000 1.000000
194.369766 -9.718384 1170.638428 0.000000 0.385657 0.000000 0.922642 2.547559 2.547559 2.547559
254.305573 -4.795349 1007.177002 0.000000 0.998937 0.000000 -0.046093 2.627389 2.627389 2.627389
265.748230 -9.276276 1013.859741 0.000000 0.998937 0.000000 -0.046093 2.627389 2.627389 2.627389
"}
object={
	name="special_stonehenge"
	clamp_to_water_level=no
	render_under_water=yes
	generated_content=no
	layer="temp_layer"
	pdxmesh="building_special_stonehenge_mesh"
	count=4
	transform="3406.080322 0.000000 2400.393555 0.000000 0.000000 0.000000 1.000000 0.536184 0.536184 0.536184
3353.452393 -0.196411 2377.910645 0.000000 0.773593 0.000000 0.633683 0.360205 0.360205 0.360205
3204.512451 0.000000 2356.356445 0.000000 0.000000 0.000000 1.000000 0.310107 0.310107 0.310107
3085.429443 0.000000 2371.667969 0.000000 -0.791506 0.000000 0.611162 0.547791 0.547791 0.547791
"}
object={
	name="special_tower_of_london"
	clamp_to_water_level=no
	render_under_water=yes
	generated_content=no
	layer="temp_layer"
	pdxmesh="building_special_tower_of_london_mesh"
	count=0
}
