object={
	name="tree_leaf_high_generator_2_0"
	clamp_to_water_level=no
	render_under_water=no
	generated_content=yes
	layer="tree_high_layer"
	pdxmesh="tree_leaf_01_b_mesh"
	count=284
	transform="1832.185181 0.000000 1951.080200 0.000000 0.954924 0.000000 -0.296852 0.427239 0.427239 0.427239
1826.786743 0.000000 1951.978394 0.000000 0.998658 0.000000 -0.051782 0.401837 0.401837 0.401837
1874.674805 0.000000 1936.570068 0.000000 0.954812 0.000000 -0.297212 0.402411 0.402411 0.402411
1881.182861 0.000000 1950.203613 0.000000 0.315506 0.000000 0.948924 0.259591 0.259591 0.259591
1872.836182 0.000000 1940.439819 0.000000 0.460338 0.000000 0.887744 0.295818 0.295818 0.295818
1866.750610 0.000000 1933.136230 0.000000 0.390379 0.000000 0.920654 0.348602 0.348602 0.348602
1868.705200 0.000000 1938.370483 0.000000 0.606808 0.000000 -0.794849 0.445875 0.445875 0.445875
1859.293213 0.000000 1927.879272 0.000000 0.509515 0.000000 -0.860462 0.490023 0.490023 0.490023
1865.937134 0.000000 1930.743164 0.000000 0.762108 0.000000 0.647450 0.347255 0.347255 0.347255
1879.974609 0.000000 1943.988403 0.000000 0.086706 0.000000 0.996234 0.275518 0.275518 0.275518
1862.273438 0.000000 1934.596924 0.000000 0.520643 0.000000 -0.853775 0.471014 0.471014 0.471014
1864.221313 0.000000 1974.684937 0.000000 0.555400 0.000000 0.831583 0.289683 0.289683 0.289683
1860.280762 0.000000 1976.940430 0.000000 0.569154 0.000000 -0.822231 0.416388 0.416388 0.416388
1879.776733 0.000000 1952.715942 0.000000 0.515127 0.000000 0.857114 0.373780 0.373780 0.373780
1878.474854 0.000000 1981.118042 0.000000 0.909881 0.000000 0.414870 0.382057 0.382057 0.382057
1868.854004 0.000000 1979.902832 0.000000 0.941729 0.000000 0.336373 0.387153 0.387153 0.387153
1862.820435 0.000000 1976.960938 0.000000 0.328188 0.000000 0.944613 0.308632 0.308632 0.308632
1863.521973 0.000000 1972.382935 0.000000 0.993421 0.000000 -0.114516 0.406877 0.406877 0.406877
1866.937378 0.000000 1979.137207 0.000000 0.992124 0.000000 -0.125256 0.408152 0.408152 0.408152
1898.750610 0.000000 1965.136230 0.000000 0.478196 0.000000 -0.878253 0.440152 0.440152 0.440152
1890.933105 0.000000 1968.728027 0.000000 0.954021 0.000000 0.299741 0.377200 0.377200 0.377200
1893.314087 0.000000 1968.662354 0.000000 0.822262 0.000000 -0.569110 0.445344 0.445344 0.445344
1897.479736 0.000000 1966.981323 0.000000 0.880506 0.000000 -0.474035 0.435263 0.435263 0.435263
1870.752319 0.000000 1984.863770 0.000000 0.980106 0.000000 -0.198474 0.405088 0.405088 0.405088
1876.718628 0.000000 1985.037598 0.000000 0.997237 0.000000 -0.074288 0.403007 0.403007 0.403007
1874.714355 0.000000 1986.874390 0.000000 0.980931 0.000000 -0.194356 0.407423 0.407423 0.407423
1879.161255 0.000000 1992.527832 0.000000 0.881753 0.000000 0.471711 0.372529 0.372529 0.372529
1881.684326 0.000000 1992.959351 0.000000 0.832322 0.000000 0.554292 0.352771 0.352771 0.352771
1882.989136 0.000000 1990.111938 0.000000 0.697763 0.000000 0.716329 0.346573 0.346573 0.346573
1881.803345 0.000000 1985.642578 0.000000 0.866945 0.000000 -0.498404 0.435430 0.435430 0.435430
1966.252075 0.000000 1951.496216 0.000000 0.954005 0.000000 -0.299791 0.406689 0.406689 0.406689
1961.813721 0.000000 1971.114990 0.000000 0.358713 0.000000 -0.933448 0.427652 0.427652 0.427652
1966.752319 0.000000 1952.863770 0.000000 0.007779 0.000000 -0.999970 0.458532 0.458532 0.458532
1972.718628 0.000000 1953.037598 0.000000 0.877636 0.000000 -0.479328 0.418221 0.418221 0.418221
1970.714355 0.000000 1954.874390 0.000000 0.039142 0.000000 -0.999234 0.457357 0.457357 0.457357
1975.161255 0.000000 1960.527832 0.000000 0.994780 0.000000 0.102040 0.394182 0.394182 0.394182
1974.221802 0.000000 1958.269287 0.000000 0.916768 0.000000 0.399420 0.372919 0.372919 0.372919
1977.684326 0.000000 1960.959351 0.000000 0.940816 0.000000 0.338918 0.375657 0.375657 0.375657
1983.132690 0.000000 1957.350342 0.000000 0.307551 0.000000 0.951532 0.337806 0.337806 0.337806
1979.545288 0.000000 1960.090576 0.000000 0.221294 0.000000 -0.975207 0.484785 0.484785 0.484785
1988.083618 0.000000 1934.666748 0.000000 0.282788 0.000000 0.959183 0.392306 0.392306 0.392306
2000.836182 0.000000 1940.439819 0.000000 0.965543 0.000000 0.260243 0.390141 0.390141 0.390141
2015.086670 0.000000 1945.549561 0.000000 0.296841 0.000000 0.954927 0.356900 0.356900 0.356900
1996.705200 0.000000 1938.370483 0.000000 0.793733 0.000000 -0.608267 0.424486 0.424486 0.424486
2014.364380 0.000000 1947.971680 0.000000 0.353360 0.000000 -0.935487 0.490597 0.490597 0.490597
1997.964478 0.000000 1946.016846 0.000000 0.303753 0.000000 0.952751 0.316182 0.316182 0.316182
1993.479736 0.000000 1934.981323 0.000000 0.037712 0.000000 -0.999289 0.496450 0.496450 0.496450
2041.589844 0.000000 1947.289551 0.000000 0.976330 0.000000 0.216285 0.391836 0.391836 0.391836
2021.181152 0.000000 1950.856445 0.000000 0.850282 0.000000 0.526327 0.378136 0.378136 0.378136
2038.474854 0.000000 1949.118042 0.000000 0.473584 0.000000 -0.880749 0.433892 0.433892 0.433892
2043.829590 0.000000 1948.882324 0.000000 0.984937 0.000000 0.172911 0.393492 0.393492 0.393492
1970.605103 0.000000 2006.964844 0.000000 0.963350 0.000000 0.268248 0.370304 0.370304 0.370304
1974.946167 0.000000 2005.656006 0.000000 0.999574 0.000000 0.029174 0.399534 0.399534 0.399534
1971.478882 0.000000 2010.200806 0.000000 0.993184 0.000000 0.116553 0.396034 0.396034 0.396034
1979.829590 0.000000 2012.882324 0.000000 0.143718 0.000000 -0.989619 0.523229 0.523229 0.523229
1970.547852 0.000000 2012.525391 0.000000 0.354539 0.000000 0.935041 0.355352 0.355352 0.355352
1972.979980 0.000000 2011.617798 0.000000 0.754367 0.000000 -0.656453 0.444337 0.444337 0.444337
1981.835083 0.000000 2019.189209 0.000000 0.033240 0.000000 -0.999447 0.444527 0.444527 0.444527
1995.363281 0.000000 1991.162964 0.000000 0.996785 0.000000 -0.080122 0.402243 0.402243 0.402243
2012.349609 0.000000 2003.803589 0.000000 0.948227 0.000000 0.317594 0.387413 0.387413 0.387413
2011.829590 0.000000 2012.882324 0.000000 0.962332 0.000000 0.271876 0.375391 0.375391 0.375391
2009.373047 0.000000 2004.834229 0.000000 0.899667 0.000000 -0.436576 0.421430 0.421430 0.421430
1998.810303 0.000000 1995.831421 0.000000 0.978976 0.000000 0.203974 0.385743 0.385743 0.385743
1997.875854 0.000000 2000.021362 0.000000 0.926287 0.000000 0.376819 0.378780 0.378780 0.378780
2000.560913 0.000000 2000.060791 0.000000 0.648008 0.000000 -0.761634 0.446690 0.446690 0.446690
1993.479736 0.000000 1998.981323 0.000000 0.112312 0.000000 0.993673 0.314082 0.314082 0.314082
2004.404663 0.000000 2005.760620 0.000000 0.201104 0.000000 0.979570 0.313915 0.313915 0.313915
2016.987427 0.000000 2005.511475 0.000000 0.011142 0.000000 -0.999938 0.572104 0.572104 0.572104
2038.825195 0.000000 2010.234253 0.000000 0.852834 0.000000 0.522181 0.392868 0.392868 0.392868
2041.182861 0.000000 2014.203613 0.000000 0.796869 0.000000 -0.604153 0.411013 0.411013 0.411013
2041.589844 0.000000 2011.289551 0.000000 0.999318 0.000000 -0.036936 0.401439 0.401439 0.401439
2034.714355 0.000000 1986.874390 0.000000 0.939112 0.000000 0.343611 0.383887 0.383887 0.383887
2041.684326 0.000000 1992.959351 0.000000 0.894142 0.000000 0.447783 0.379368 0.379368 0.379368
2032.428833 0.000000 1986.484985 0.000000 0.361397 0.000000 -0.932412 0.467165 0.467165 0.467165
2047.132690 0.000000 1989.350342 0.000000 0.794582 0.000000 -0.607156 0.435837 0.435837 0.435837
2035.970703 0.000000 1990.099609 0.000000 0.887496 0.000000 -0.460816 0.434913 0.434913 0.434913
2035.187378 0.000000 1994.143555 0.000000 0.985962 0.000000 -0.166971 0.409549 0.409549 0.409549
2001.748535 0.000000 2016.283081 0.000000 0.798354 0.000000 -0.602188 0.472279 0.472279 0.472279
2002.714355 0.000000 2018.874390 0.000000 0.592174 0.000000 0.805810 0.353680 0.353680 0.353680
1996.300293 0.000000 2021.050049 0.000000 0.573417 0.000000 -0.819263 0.471910 0.471910 0.471910
1999.387817 0.000000 2021.666382 0.000000 0.805326 0.000000 0.592832 0.354374 0.354374 0.354374
1993.273071 0.000000 2022.693604 0.000000 0.995066 0.000000 0.099213 0.393996 0.393996 0.393996
2178.780518 0.000000 1917.285156 0.000000 0.415110 0.000000 -0.909771 0.405135 0.405135 0.405135
2184.221191 0.000000 1910.684937 0.000000 0.996328 0.000000 0.085616 0.399272 0.399272 0.399272
2180.128662 0.000000 1909.752075 0.000000 0.010076 0.000000 -0.999949 0.449874 0.449874 0.449874
2178.626221 0.000000 1907.021362 0.000000 0.262811 0.000000 -0.964847 0.440395 0.440395 0.440395
2228.161865 0.000000 1918.979736 0.000000 0.858113 0.000000 0.513461 0.396769 0.396769 0.396769
2229.493896 0.000000 1891.975830 0.000000 0.739448 0.000000 -0.673214 0.404794 0.404794 0.404794
2238.717773 0.000000 1898.415527 0.000000 0.434970 0.000000 -0.900445 0.443091 0.443091 0.443091
2230.474854 0.000000 1917.118042 0.000000 0.992770 0.000000 -0.120036 0.404206 0.404206 0.404206
2229.305664 0.000000 1911.923584 0.000000 0.980181 0.000000 0.198102 0.393030 0.393030 0.393030
2226.714355 0.000000 1890.874390 0.000000 0.767900 0.000000 -0.640570 0.431243 0.431243 0.431243
2231.974609 0.000000 1911.988403 0.000000 0.789498 0.000000 -0.613753 0.429035 0.429035 0.429035
2224.428955 0.000000 1890.484985 0.000000 0.818130 0.000000 -0.575033 0.441908 0.441908 0.441908
2239.132812 0.000000 1893.350342 0.000000 0.944321 0.000000 0.329026 0.378237 0.378237 0.378237
2223.387695 0.000000 1893.666382 0.000000 0.994629 0.000000 -0.103508 0.406886 0.406886 0.406886
2243.293213 0.000000 1895.879272 0.000000 0.754852 0.000000 0.655895 0.369639 0.369639 0.369639
2240.958740 0.000000 1898.274536 0.000000 0.998737 0.000000 -0.050240 0.402484 0.402484 0.402484
2078.231689 0.000000 1941.910522 0.000000 0.682365 0.000000 0.731012 0.388539 0.388539 0.388539
2050.786865 0.000000 1951.978394 0.000000 0.999659 0.000000 0.026116 0.398865 0.398865 0.398865
2048.467285 0.000000 1948.073120 0.000000 0.671964 0.000000 0.740584 0.337541 0.337541 0.337541
2079.804688 0.000000 1943.430420 0.000000 0.703495 0.000000 0.710700 0.351846 0.351846 0.351846
2096.836182 0.000000 1940.439819 0.000000 0.938767 0.000000 0.344554 0.386827 0.386827 0.386827
2102.474854 0.000000 1949.118042 0.000000 0.161362 0.000000 0.986895 0.342322 0.342322 0.342322
2098.547852 0.000000 1948.525391 0.000000 0.887978 0.000000 0.459886 0.377571 0.377571 0.377571
2081.882080 0.000000 1943.758057 0.000000 0.996169 0.000000 0.087453 0.393136 0.393136 0.393136
2084.363037 0.000000 1947.354004 0.000000 0.853782 0.000000 -0.520630 0.428982 0.428982 0.428982
2087.521973 0.000000 1940.382935 0.000000 0.610566 0.000000 0.791966 0.352993 0.352993 0.352993
2097.166992 0.000000 1945.831421 0.000000 0.112711 0.000000 -0.993628 0.496813 0.496813 0.496813
2052.835938 0.000000 1957.125488 0.000000 0.024969 0.000000 0.999688 0.383019 0.383019 0.383019
2060.854004 0.000000 1979.902832 0.000000 0.975126 0.000000 -0.221653 0.407924 0.407924 0.407924
2173.208008 0.000000 1926.763794 0.000000 0.342331 0.000000 0.939579 0.390852 0.390852 0.390852
2128.836182 0.000000 1972.439819 0.000000 0.964739 0.000000 0.263208 0.389760 0.389760 0.389760
2134.474854 0.000000 1981.118042 0.000000 0.131790 0.000000 0.991278 0.343971 0.343971 0.343971
2135.974609 0.000000 1975.988403 0.000000 0.158515 0.000000 -0.987357 0.456386 0.456386 0.456386
2127.287354 0.000000 1974.051514 0.000000 0.205178 0.000000 0.978725 0.321670 0.321670 0.321670
2153.813721 0.000000 1971.114990 0.000000 0.356295 0.000000 -0.934374 0.427109 0.427109 0.427109
2171.688232 0.000000 1962.264893 0.000000 0.295592 0.000000 -0.955314 0.434262 0.434262 0.434262
2161.125977 0.000000 1982.585815 0.000000 0.592939 0.000000 0.805247 0.367749 0.367749 0.367749
2155.033691 0.000000 1974.317261 0.000000 0.985540 0.000000 -0.169444 0.407396 0.407396 0.407396
2150.820557 0.000000 1976.960938 0.000000 0.326849 0.000000 0.945077 0.347465 0.347465 0.347465
2148.363037 0.000000 1979.354004 0.000000 0.481906 0.000000 0.876223 0.354674 0.354674 0.354674
2058.786621 0.000000 1984.178833 0.000000 0.800593 0.000000 -0.599209 0.406737 0.406737 0.406737
2067.926514 0.000000 2003.724976 0.000000 0.770402 0.000000 0.637559 0.379289 0.379289 0.379289
2049.156250 0.000000 1988.733643 0.000000 0.083492 0.000000 -0.996508 0.451238 0.451238 0.451238
2059.363281 0.000000 1991.162964 0.000000 0.634640 0.000000 0.772808 0.367806 0.367806 0.367806
2048.050293 0.000000 2014.543213 0.000000 0.038018 0.000000 -0.999277 0.442858 0.442858 0.442858
2059.740234 0.000000 1986.653809 0.000000 0.934990 0.000000 0.354673 0.382983 0.382983 0.382983
2070.485352 0.000000 1996.843628 0.000000 0.998365 0.000000 0.057168 0.396973 0.396973 0.396973
2068.653320 0.000000 1999.088989 0.000000 0.965055 0.000000 0.262047 0.385437 0.385437 0.385437
2055.521973 0.000000 2004.382935 0.000000 0.218319 0.000000 0.975877 0.331209 0.331209 0.331209
2053.313965 0.000000 2000.662354 0.000000 0.903670 0.000000 0.428230 0.375252 0.375252 0.375252
2060.300293 0.000000 1989.050049 0.000000 0.259678 0.000000 0.965695 0.334032 0.334032 0.334032
2132.771973 0.000000 1992.209351 0.000000 0.997649 0.000000 -0.068537 0.401507 0.401507 0.401507
2129.761963 0.000000 1989.575317 0.000000 0.578013 0.000000 0.816028 0.377600 0.377600 0.377600
2131.964844 0.000000 1996.796021 0.000000 0.381105 0.000000 -0.924532 0.422385 0.422385 0.422385
2126.386230 0.000000 1991.658569 0.000000 0.049448 0.000000 -0.998777 0.434942 0.434942 0.434942
2121.813721 0.000000 2003.114990 0.000000 0.066777 0.000000 0.997768 0.357947 0.357947 0.357947
2138.444336 0.000000 1987.654053 0.000000 0.819238 0.000000 0.573454 0.380484 0.380484 0.380484
2138.761963 0.000000 1999.116089 0.000000 0.979495 0.000000 -0.201466 0.406077 0.406077 0.406077
2130.714355 0.000000 1986.874390 0.000000 0.996874 0.000000 -0.079003 0.403751 0.403751 0.403751
2135.880127 0.000000 1987.297852 0.000000 0.423410 0.000000 -0.905938 0.495656 0.495656 0.495656
2135.161133 0.000000 1992.527832 0.000000 0.760374 0.000000 -0.649486 0.433885 0.433885 0.433885
2134.221924 0.000000 1990.269287 0.000000 0.119193 0.000000 0.992871 0.296374 0.296374 0.296374
2137.684326 0.000000 1992.959351 0.000000 0.284419 0.000000 0.958700 0.336609 0.336609 0.336609
2125.875732 0.000000 2000.021362 0.000000 0.373107 0.000000 0.927788 0.336506 0.336506 0.336506
2132.653320 0.000000 1999.088989 0.000000 0.617335 0.000000 0.786700 0.340775 0.340775 0.340775
2143.132812 0.000000 1989.350342 0.000000 0.343683 0.000000 0.939086 0.307411 0.307411 0.307411
2128.561035 0.000000 2000.060791 0.000000 0.852549 0.000000 -0.522647 0.435698 0.435698 0.435698
2151.792480 0.000000 2000.479248 0.000000 0.765048 0.000000 0.643973 0.378340 0.378340 0.378340
2146.626221 0.000000 2003.021362 0.000000 0.626777 0.000000 -0.779199 0.433456 0.433456 0.433456
2155.740234 0.000000 1986.653809 0.000000 0.201019 0.000000 -0.979587 0.458077 0.458077 0.458077
2151.368408 0.000000 1989.585327 0.000000 0.778739 0.000000 0.627349 0.371219 0.371219 0.371219
2145.512939 0.000000 1998.743652 0.000000 0.348164 0.000000 -0.937434 0.452181 0.452181 0.452181
2153.937012 0.000000 1994.743164 0.000000 0.350856 0.000000 0.936429 0.347337 0.347337 0.347337
2146.933105 0.000000 2000.728027 0.000000 0.144536 0.000000 -0.989500 0.469054 0.469054 0.469054
2146.060547 0.000000 1984.627319 0.000000 0.725899 0.000000 -0.687801 0.449610 0.449610 0.449610
2226.714355 0.000000 1922.874390 0.000000 0.956093 0.000000 -0.293065 0.413366 0.413366 0.413366
2195.964844 0.000000 1964.796021 0.000000 0.869637 0.000000 0.493692 0.390719 0.390719 0.390719
2197.446777 0.000000 1962.620972 0.000000 0.138901 0.000000 -0.990306 0.463611 0.463611 0.463611
2238.717773 0.000000 1962.415527 0.000000 0.525131 0.000000 0.851021 0.371537 0.371537 0.371537
2270.637939 0.000000 1938.081055 0.000000 0.849811 0.000000 -0.527087 0.413583 0.413583 0.413583
2252.854004 0.000000 1947.902832 0.000000 0.999253 0.000000 -0.038635 0.401544 0.401544 0.401544
2270.364258 0.000000 1947.971680 0.000000 0.985507 0.000000 -0.169637 0.408341 0.408341 0.408341
2253.204346 0.000000 1943.266479 0.000000 0.599228 0.000000 0.800579 0.353651 0.353651 0.353651
2255.287354 0.000000 1942.051514 0.000000 0.969682 0.000000 0.244369 0.385455 0.385455 0.385455
2272.987305 0.000000 1941.511475 0.000000 0.584931 0.000000 -0.811083 0.403306 0.403306 0.403306
2276.128662 0.000000 1941.752075 0.000000 0.539748 0.000000 0.841827 0.369022 0.369022 0.369022
2278.273438 0.000000 1934.596924 0.000000 0.985487 0.000000 0.169754 0.390716 0.390716 0.390716
2253.486572 0.000000 1972.908325 0.000000 0.968788 0.000000 -0.247889 0.402752 0.402752 0.402752
2245.686523 0.000000 1970.909302 0.000000 0.616843 0.000000 0.787086 0.384166 0.384166 0.384166
2240.114746 0.000000 1964.443359 0.000000 0.915533 0.000000 -0.402243 0.405788 0.405788 0.405788
2240.356445 0.000000 1969.087769 0.000000 0.918207 0.000000 0.396101 0.393696 0.393696 0.393696
2256.836182 0.000000 1972.439819 0.000000 0.601365 0.000000 0.798974 0.373195 0.373195 0.373195
2277.686523 0.000000 1970.909302 0.000000 0.205214 0.000000 0.978717 0.250155 0.250155 0.250155
2291.478760 0.000000 1978.200806 0.000000 0.725084 0.000000 -0.688661 0.420482 0.420482 0.420482
2274.626221 0.000000 1971.021362 0.000000 0.178239 0.000000 -0.983987 0.451418 0.451418 0.451418
2289.465088 0.000000 1964.796753 0.000000 0.709681 0.000000 0.704523 0.354331 0.354331 0.354331
2292.653320 0.000000 1967.088989 0.000000 0.041362 0.000000 -0.999144 0.522185 0.522185 0.522185
2277.313965 0.000000 1968.662354 0.000000 0.830455 0.000000 -0.557086 0.432453 0.432453 0.432453
2225.761963 0.000000 1989.575317 0.000000 0.651291 0.000000 -0.758828 0.417206 0.417206 0.417206
2238.637939 0.000000 2002.081055 0.000000 0.874633 0.000000 0.484786 0.389892 0.389892 0.389892
2235.688232 0.000000 1994.264893 0.000000 0.315448 0.000000 0.948943 0.365052 0.365052 0.365052
2237.834961 0.000000 1987.189209 0.000000 0.587849 0.000000 0.808971 0.376943 0.376943 0.376943
2238.717773 0.000000 1994.415527 0.000000 0.013591 0.000000 0.999908 0.355681 0.355681 0.355681
2224.836182 0.000000 2004.439819 0.000000 0.699189 0.000000 0.714937 0.368183 0.368183 0.368183
2226.198486 0.000000 1992.187256 0.000000 0.490828 0.000000 0.871256 0.347185 0.347185 0.347185
2227.970703 0.000000 1990.099609 0.000000 0.427635 0.000000 0.903952 0.339122 0.339122 0.339122
2269.208008 0.000000 1990.763794 0.000000 0.334030 0.000000 -0.942562 0.408600 0.408600 0.408600
2244.398926 0.000000 1994.167725 0.000000 0.575290 0.000000 -0.817949 0.420087 0.420087 0.420087
2257.761963 0.000000 1989.575317 0.000000 0.133765 0.000000 0.991013 0.369872 0.369872 0.369872
2341.181152 0.000000 1886.856445 0.000000 0.368938 0.000000 0.929454 0.358305 0.358305 0.358305
2353.125977 0.000000 1886.585815 0.000000 0.993400 0.000000 0.114699 0.395466 0.395466 0.395466
2354.547852 0.000000 1884.525391 0.000000 0.657457 0.000000 0.753492 0.366765 0.366765 0.366765
2330.761963 0.000000 1903.116089 0.000000 0.893030 0.000000 -0.449997 0.410721 0.410721 0.410721
2332.349609 0.000000 1907.803589 0.000000 0.618804 0.000000 -0.785546 0.430228 0.430228 0.430228
2335.486328 0.000000 1902.729858 0.000000 0.432897 0.000000 0.901444 0.337194 0.337194 0.337194
2359.776611 0.000000 1888.715942 0.000000 0.717323 0.000000 0.696741 0.384604 0.384604 0.384604
2362.444336 0.000000 1891.654053 0.000000 0.136238 0.000000 0.990676 0.367060 0.367060 0.367060
2338.680420 0.000000 1900.167236 0.000000 0.107101 0.000000 0.994248 0.334234 0.334234 0.334234
2337.512939 0.000000 1902.743652 0.000000 0.167987 0.000000 0.985789 0.276794 0.276794 0.276794
2421.493896 0.000000 1859.975830 0.000000 0.359654 0.000000 -0.933086 0.409610 0.409610 0.409610
2416.895020 0.000000 1866.459717 0.000000 0.041770 0.000000 -0.999127 0.411452 0.411452 0.411452
2418.674805 0.000000 1872.570068 0.000000 0.440819 0.000000 0.897596 0.391654 0.391654 0.391654
2423.776611 0.000000 1856.715942 0.000000 0.706619 0.000000 -0.707595 0.416093 0.416093 0.416093
2429.834961 0.000000 1859.189209 0.000000 0.957149 0.000000 0.289597 0.393398 0.393398 0.393398
2430.717773 0.000000 1866.415527 0.000000 0.956591 0.000000 0.291435 0.389664 0.389664 0.389664
2416.836182 0.000000 1876.439819 0.000000 0.851428 0.000000 -0.524472 0.415989 0.415989 0.415989
2412.705322 0.000000 1874.370483 0.000000 0.544849 0.000000 -0.838534 0.477471 0.477471 0.477471
2421.446777 0.000000 1866.620972 0.000000 0.623115 0.000000 -0.782131 0.477576 0.477576 0.477576
2409.479736 0.000000 1870.981323 0.000000 0.637055 0.000000 0.770818 0.346387 0.346387 0.346387
2368.987305 0.000000 1909.511475 0.000000 0.720625 0.000000 0.693325 0.397322 0.397322 0.397322
2386.605225 0.000000 1910.964844 0.000000 0.908341 0.000000 0.418231 0.398276 0.398276 0.398276
2370.786865 0.000000 1919.978394 0.000000 0.992300 0.000000 -0.123858 0.404402 0.404402 0.404402
2454.825195 0.000000 1850.234253 0.000000 0.992140 0.000000 0.125135 0.398684 0.398684 0.398684
2464.249756 0.000000 1849.564819 0.000000 0.943321 0.000000 -0.331881 0.406757 0.406757 0.406757
2464.050293 0.000000 1854.543213 0.000000 0.958526 0.000000 0.285007 0.389033 0.389033 0.389033
2470.820557 0.000000 1848.960938 0.000000 0.984935 0.000000 0.172924 0.391496 0.391496 0.391496
2466.246094 0.000000 1850.551270 0.000000 0.678171 0.000000 0.734904 0.338583 0.338583 0.338583
2436.083496 0.000000 1870.666748 0.000000 0.076414 0.000000 0.997076 0.229884 0.229884 0.229884
2439.792480 0.000000 1872.479248 0.000000 0.898095 0.000000 -0.439802 0.411369 0.411369 0.411369
2450.714355 0.000000 1858.874390 0.000000 0.998581 0.000000 0.053247 0.395478 0.395478 0.395478
2442.750488 0.000000 1869.136230 0.000000 0.994621 0.000000 -0.103584 0.403679 0.403679 0.403679
2433.512939 0.000000 1870.743652 0.000000 0.151734 0.000000 0.988421 0.284554 0.284554 0.284554
2435.293213 0.000000 1863.879272 0.000000 0.003098 0.000000 0.999995 0.325637 0.325637 0.325637
2441.937012 0.000000 1866.743164 0.000000 0.550547 0.000000 -0.834804 0.444389 0.444389 0.444389
2455.161133 0.000000 1864.527832 0.000000 0.043645 0.000000 0.999047 0.296298 0.296298 0.296298
2448.428955 0.000000 1858.484985 0.000000 0.340555 0.000000 0.940225 0.334034 0.334034 0.334034
2432.958740 0.000000 1866.274536 0.000000 0.748534 0.000000 0.663097 0.342808 0.342808 0.342808
2432.165527 0.000000 1875.417603 0.000000 0.999831 0.000000 0.018362 0.398716 0.398716 0.398716
2487.776611 0.000000 1856.715942 0.000000 0.998399 0.000000 -0.056566 0.401130 0.401130 0.401130
2467.392090 0.000000 1858.345947 0.000000 0.999669 0.000000 -0.025734 0.400784 0.400784 0.400784
2493.393799 0.000000 1871.808228 0.000000 0.217014 0.000000 0.976169 0.343293 0.343293 0.343293
2480.428955 0.000000 1858.484985 0.000000 0.326131 0.000000 -0.945325 0.458133 0.458133 0.458133
2503.792480 0.000000 1872.479248 0.000000 0.531966 0.000000 -0.846766 0.427733 0.427733 0.427733
2498.680420 0.000000 1868.167236 0.000000 0.244306 0.000000 0.969698 0.339180 0.339180 0.339180
2497.512939 0.000000 1870.743652 0.000000 0.996399 0.000000 -0.084785 0.404578 0.404578 0.404578
2498.933105 0.000000 1872.728027 0.000000 0.960128 0.000000 -0.279560 0.415279 0.415279 0.415279
2502.273438 0.000000 1870.596924 0.000000 0.994687 0.000000 -0.102941 0.405921 0.405921 0.405921
2334.717773 0.000000 1930.415527 0.000000 0.701985 0.000000 0.712192 0.376650 0.376650 0.376650
2341.689209 0.000000 1920.395264 0.000000 0.602920 0.000000 0.797802 0.396311 0.396311 0.396311
2351.360107 0.000000 1937.909424 0.000000 0.292568 0.000000 0.956245 0.367561 0.367561 0.367561
2358.609375 0.000000 1938.199951 0.000000 0.837043 0.000000 -0.547137 0.421391 0.421391 0.421391
2356.718750 0.000000 1921.037598 0.000000 0.445545 0.000000 0.895260 0.368991 0.368991 0.368991
2352.836182 0.000000 1940.439819 0.000000 0.387153 0.000000 0.922015 0.363094 0.363094 0.363094
2362.228027 0.000000 1932.555420 0.000000 0.330899 0.000000 -0.943666 0.450505 0.450505 0.450505
2357.446777 0.000000 1930.620972 0.000000 0.393450 0.000000 -0.919346 0.462317 0.462317 0.462317
2359.161133 0.000000 1928.527832 0.000000 0.086592 0.000000 0.996244 0.328121 0.328121 0.328121
2358.221924 0.000000 1926.269287 0.000000 0.755873 0.000000 -0.654718 0.449898 0.449898 0.449898
2361.684326 0.000000 1928.959351 0.000000 0.517544 0.000000 0.855657 0.354370 0.354370 0.354370
2356.653320 0.000000 1935.088989 0.000000 0.866915 0.000000 -0.498457 0.426576 0.426576 0.426576
2352.561035 0.000000 1936.060791 0.000000 0.695835 0.000000 0.718201 0.353594 0.353594 0.353594
2362.989258 0.000000 1926.111938 0.000000 0.853025 0.000000 -0.521870 0.429333 0.429333 0.429333
2353.991211 0.000000 1938.651855 0.000000 0.119594 0.000000 0.992823 0.313790 0.313790 0.313790
2371.293213 0.000000 1927.879272 0.000000 0.476225 0.000000 0.879323 0.343133 0.343133 0.343133
3127.070557 0.000000 1711.147827 0.000000 0.958683 0.000000 0.284477 0.393951 0.393951 0.393951
3116.854004 0.000000 1723.902832 0.000000 0.055085 0.000000 -0.998482 0.454489 0.454489 0.454489
3124.605225 0.000000 1713.452393 0.000000 0.607880 0.000000 -0.794029 0.455885 0.455885 0.455885
3113.937012 0.000000 1770.743164 0.000000 0.952226 0.000000 -0.305395 0.417201 0.417201 0.417201
3190.474854 0.000000 1757.118042 0.000000 0.936402 0.000000 0.350930 0.388363 0.388363 0.388363
3161.182861 0.000000 1790.203613 0.000000 0.720583 0.000000 0.693369 0.391201 0.391201 0.391201
3175.792480 0.000000 1776.479248 0.000000 0.837421 0.000000 0.546559 0.386141 0.386141 0.386141
3262.717773 0.000000 1674.415527 0.000000 0.488544 0.000000 -0.872539 0.429650 0.429650 0.429650
3258.761963 0.000000 1711.116089 0.000000 0.727668 0.000000 -0.685929 0.418871 0.418871 0.418871
3262.717773 0.000000 1706.415527 0.000000 0.068297 0.000000 -0.997665 0.457014 0.457014 0.457014
3268.083496 0.000000 1678.666748 0.000000 0.999903 0.000000 0.013913 0.399917 0.399917 0.399917
3280.895020 0.000000 1674.459717 0.000000 0.043524 0.000000 -0.999052 0.412964 0.412964 0.412964
3282.674805 0.000000 1680.570068 0.000000 0.930159 0.000000 -0.367157 0.403754 0.403754 0.403754
3279.467041 0.000000 1678.134033 0.000000 0.183904 0.000000 -0.982944 0.429754 0.429754 0.429754
3271.792480 0.000000 1680.479248 0.000000 0.518613 0.000000 0.855009 0.372348 0.372348 0.372348
3271.521973 0.000000 1684.382935 0.000000 0.999396 0.000000 0.034761 0.397361 0.397361 0.397361
3267.293213 0.000000 1703.879272 0.000000 0.318177 0.000000 0.948031 0.346453 0.346453 0.346453
3270.820557 0.000000 1720.960938 0.000000 0.979183 0.000000 -0.202980 0.414799 0.414799 0.414799
3268.363037 0.000000 1723.354004 0.000000 0.771173 0.000000 0.636626 0.360029 0.360029 0.360029
3296.356445 0.000000 1713.087769 0.000000 0.829893 0.000000 -0.557923 0.408275 0.408275 0.408275
3297.512939 0.000000 1710.743652 0.000000 0.972044 0.000000 0.234798 0.388521 0.388521 0.388521
3239.368408 0.000000 1733.585327 0.000000 0.880234 0.000000 -0.474540 0.418763 0.418763 0.418763
3263.132812 0.000000 1765.350342 0.000000 0.832513 0.000000 -0.554005 0.434888 0.434888 0.434888
3296.183594 0.000000 1729.648682 0.000000 0.767218 0.000000 -0.641387 0.408344 0.408344 0.408344
3265.156250 0.000000 1764.733643 0.000000 0.804215 0.000000 0.594339 0.381886 0.381886 0.381886
3353.850586 0.000000 1778.422363 0.000000 0.944274 0.000000 -0.329160 0.401507 0.401507 0.401507
3353.589844 0.000000 1787.289551 0.000000 0.977719 0.000000 0.209919 0.393770 0.393770 0.393770
3456.356445 0.000000 1745.087769 0.000000 0.691789 0.000000 0.722100 0.389526 0.389526 0.389526
3142.086182 0.000000 1794.963989 0.000000 0.982634 0.000000 0.185552 0.390961 0.390961 0.390961
"}
