object={
	name="tree_leaf_high_generator_1_0"
	clamp_to_water_level=no
	render_under_water=no
	generated_content=yes
	layer="tree_high_layer"
	pdxmesh="tree_leaf_01_a_mesh"
	count=694
	transform="1830.714355 0.000000 1948.230957 0.000000 0.967443 0.000000 -0.253088 0.930314 0.930314 0.930314
1833.041626 0.000000 1946.228638 0.000000 0.994400 0.000000 -0.105685 0.847793 0.847793 0.847793
1829.181152 0.000000 1950.856445 0.000000 0.004733 0.000000 -0.999989 1.597589 1.597589 1.597589
1835.033813 0.000000 1942.317261 0.000000 0.362393 0.000000 -0.932025 0.907848 0.907848 0.907848
1830.820435 0.000000 1944.960938 0.000000 0.944230 0.000000 0.329286 0.658595 0.658595 0.658595
1828.362915 0.000000 1947.354004 0.000000 0.581802 0.000000 -0.813331 1.166137 1.166137 1.166137
1833.921875 0.000000 1944.186157 0.000000 0.252184 0.000000 0.967679 0.308548 0.308548 0.308548
1834.937378 0.000000 1947.137207 0.000000 0.657715 0.000000 -0.753266 0.977182 0.977182 0.977182
1832.626953 0.000000 1948.834717 0.000000 0.649734 0.000000 -0.760162 1.019042 1.019042 1.019042
1828.580811 0.000000 1949.118164 0.000000 0.057967 0.000000 0.998318 0.153417 0.153417 0.153417
1830.020020 0.000000 1946.623779 0.000000 0.286959 0.000000 0.957943 0.148231 0.148231 0.148231
1830.806641 0.000000 1949.964111 0.000000 0.582066 0.000000 -0.813142 1.283592 1.283592 1.283592
1832.372681 0.000000 1944.508911 0.000000 0.388193 0.000000 0.921578 0.362230 0.362230 0.362230
1830.086060 0.000000 1954.963989 0.000000 0.935080 0.000000 0.354437 0.752964 0.752964 0.752964
1831.702393 0.000000 1952.050537 0.000000 0.063202 0.000000 -0.998001 1.555746 1.555746 1.555746
1832.129028 0.000000 1955.728271 0.000000 0.828515 0.000000 0.559967 0.687230 0.687230 0.687230
1828.938232 0.000000 1953.883423 0.000000 0.038632 0.000000 0.999254 0.203285 0.203285 0.203285
1833.268066 0.000000 1952.610107 0.000000 0.985051 0.000000 0.172261 0.738107 0.738107 0.738107
1876.161865 0.000000 1950.979736 0.000000 0.652344 0.000000 -0.757923 0.812025 0.812025 0.812025
1878.609375 0.000000 1938.199951 0.000000 0.717255 0.000000 0.696811 0.747648 0.747648 0.747648
1883.829590 0.000000 1948.882324 0.000000 0.987846 0.000000 -0.155436 0.861718 0.861718 0.861718
1858.680298 0.000000 1932.167236 0.000000 0.182513 0.000000 0.983203 0.099018 0.099018 0.099018
1862.830688 0.000000 1930.974487 0.000000 0.787365 0.000000 0.616487 0.705803 0.705803 0.705803
1881.373047 0.000000 1940.834229 0.000000 0.761276 0.000000 -0.648428 0.897227 0.897227 0.897227
1856.958740 0.000000 1930.274536 0.000000 0.547521 0.000000 -0.836792 1.304914 1.304914 1.304914
1869.204346 0.000000 1943.266479 0.000000 0.934985 0.000000 0.354688 0.665306 0.665306 0.665306
1861.062622 0.000000 1932.391846 0.000000 0.396386 0.000000 -0.918084 1.011414 1.011414 1.011414
1865.479736 0.000000 1934.981323 0.000000 0.412687 0.000000 0.910873 0.628428 0.628428 0.628428
1871.287231 0.000000 1942.051514 0.000000 0.820481 0.000000 -0.571674 1.022420 1.022420 1.022420
1865.273071 0.000000 1926.693604 0.000000 0.485272 0.000000 0.874363 0.489705 0.489705 0.489705
1873.991211 0.000000 1938.651855 0.000000 0.122116 0.000000 -0.992516 1.355408 1.355408 1.355408
1867.514160 0.000000 1929.306763 0.000000 0.651333 0.000000 0.758792 0.626226 0.626226 0.626226
1882.053589 0.000000 1945.255005 0.000000 0.760388 0.000000 0.649469 0.555755 0.555755 0.555755
1876.404663 0.000000 1941.760620 0.000000 0.042249 0.000000 0.999107 0.235223 0.235223 0.235223
1878.239136 0.000000 1951.347656 0.000000 0.881992 0.000000 -0.471264 0.960735 0.960735 0.960735
1883.040161 0.000000 1951.215088 0.000000 0.480214 0.000000 -0.877152 1.116253 1.116253 1.116253
1877.761597 0.000000 1940.190674 0.000000 0.746858 0.000000 -0.664983 1.068793 1.068793 1.068793
1871.044800 0.000000 1939.861572 0.000000 0.935377 0.000000 0.353652 0.651279 0.651279 0.651279
1874.603516 0.000000 1941.108765 0.000000 0.640933 0.000000 0.767597 0.467927 0.467927 0.467927
1858.712524 0.000000 1929.707275 0.000000 0.019995 0.000000 -0.999800 1.518578 1.518578 1.518578
1856.006836 0.000000 1926.326660 0.000000 0.802622 0.000000 0.596487 0.663418 0.663418 0.663418
1880.453735 0.000000 1945.787109 0.000000 0.986985 0.000000 0.160811 0.744516 0.744516 0.744516
1863.581421 0.000000 1927.327881 0.000000 0.898201 0.000000 0.439585 0.632741 0.632741 0.632741
1862.455933 0.000000 1929.303711 0.000000 0.099210 0.000000 -0.995066 1.440654 1.440654 1.440654
1864.430176 0.000000 1931.637329 0.000000 0.982710 0.000000 -0.185150 0.855790 0.855790 0.855790
1881.429077 0.000000 1951.939209 0.000000 0.363556 0.000000 0.931572 0.261324 0.261324 0.261324
1880.854370 0.000000 1942.473877 0.000000 0.849130 0.000000 -0.528184 0.986713 0.986713 0.986713
1860.523193 0.000000 1926.759521 0.000000 0.925056 0.000000 0.379830 0.685612 0.685612 0.685612
1862.640381 0.000000 1937.559204 0.000000 0.088393 0.000000 -0.996086 1.181902 1.181902 1.181902
1879.590698 0.000000 1950.342407 0.000000 0.394877 0.000000 -0.918734 1.181547 1.181547 1.181547
1882.185425 0.000000 1948.829590 0.000000 0.961849 0.000000 0.273582 0.690414 0.690414 0.690414
1878.825195 0.000000 1978.234253 0.000000 0.967483 0.000000 -0.252934 0.806639 0.806639 0.806639
1870.252075 0.000000 1983.496216 0.000000 0.337249 0.000000 -0.941415 0.873507 0.873507 0.873507
1874.547852 0.000000 1980.525391 0.000000 0.979704 0.000000 0.200447 0.775413 0.775413 0.775413
1869.204346 0.000000 1975.266479 0.000000 0.004197 0.000000 0.999991 0.530917 0.530917 0.530917
1865.921875 0.000000 1976.186157 0.000000 0.887641 0.000000 0.460535 0.597355 0.597355 0.597355
1869.964478 0.000000 1978.016846 0.000000 0.105005 0.000000 0.994472 0.580464 0.580464 0.580464
1881.803345 0.000000 1953.642578 0.000000 0.800690 0.000000 -0.599079 0.915463 0.915463 0.915463
1862.105835 0.000000 1974.550537 0.000000 0.514861 0.000000 -0.857274 1.201126 1.201126 1.201126
1878.239136 0.000000 1983.347656 0.000000 0.942108 0.000000 -0.335308 0.902438 0.902438 0.902438
1865.355713 0.000000 1973.099243 0.000000 0.881117 0.000000 -0.472899 0.929861 0.929861 0.929861
1879.590698 0.000000 1982.342407 0.000000 0.337740 0.000000 0.941239 0.432624 0.432624 0.432624
1864.372681 0.000000 1976.508911 0.000000 0.736997 0.000000 -0.675896 1.114250 1.114250 1.114250
1888.356323 0.000000 1969.087769 0.000000 0.420978 0.000000 -0.907071 0.856735 0.856735 0.856735
1901.081177 0.000000 1965.754883 0.000000 0.852345 0.000000 -0.522980 0.876942 0.876942 0.876942
1905.465088 0.000000 1964.796753 0.000000 0.003369 0.000000 0.999994 0.568341 0.568341 0.568341
1894.273438 0.000000 1966.596924 0.000000 0.832474 0.000000 -0.554063 0.974755 0.974755 0.974755
1897.966919 0.000000 1969.065552 0.000000 0.962094 0.000000 0.272718 0.736558 0.736558 0.736558
1892.093384 0.000000 1970.067139 0.000000 0.997948 0.000000 -0.064029 0.813437 0.813437 0.813437
1892.183228 0.000000 1971.820801 0.000000 0.956438 0.000000 -0.291936 0.862127 0.862127 0.862127
1894.640381 0.000000 1969.559204 0.000000 0.554349 0.000000 -0.832284 1.078848 1.078848 1.078848
1873.748535 0.000000 1984.283081 0.000000 0.302879 0.000000 0.953029 0.759637 0.759637 0.759637
1883.688354 0.000000 1994.264893 0.000000 0.843421 0.000000 0.537253 0.755821 0.755821 0.755821
1878.221802 0.000000 1990.269287 0.000000 0.295822 0.000000 -0.955243 1.310028 1.310028 1.310028
1887.132690 0.000000 1989.350342 0.000000 0.869671 0.000000 0.493632 0.724730 0.724730 0.724730
1887.139282 0.000000 1991.961670 0.000000 0.780358 0.000000 -0.625333 0.901194 0.901194 0.901194
1875.970703 0.000000 1990.099609 0.000000 0.859239 0.000000 -0.511575 0.880441 0.880441 0.880441
1871.387817 0.000000 1989.666382 0.000000 0.068799 0.000000 -0.997631 1.024980 1.024980 1.024980
1883.545288 0.000000 1992.090576 0.000000 0.649387 0.000000 0.760458 0.649868 0.649868 0.649868
1868.803223 0.000000 1984.067993 0.000000 0.813126 0.000000 0.582087 0.690803 0.690803 0.690803
1878.376709 0.000000 1986.117065 0.000000 0.981801 0.000000 -0.189910 0.848083 0.848083 0.848083
1879.844727 0.000000 1989.176880 0.000000 0.042122 0.000000 0.999112 0.216857 0.216857 0.216857
1869.515747 0.000000 1986.147339 0.000000 0.447818 0.000000 -0.894125 1.038668 1.038668 1.038668
1872.537720 0.000000 1988.257935 0.000000 0.952073 0.000000 0.305871 0.732328 0.732328 0.732328
1875.708740 0.000000 1988.376953 0.000000 0.915715 0.000000 0.401828 0.709979 0.709979 0.709979
1872.638672 0.000000 1990.836548 0.000000 0.426202 0.000000 0.904628 0.522280 0.522280 0.522280
1878.152832 0.000000 1984.035645 0.000000 0.219707 0.000000 -0.975566 1.147634 1.147634 1.147634
1881.583618 0.000000 1989.075439 0.000000 0.548417 0.000000 0.836205 0.364858 0.364858 0.364858
1972.161865 0.000000 1950.979736 0.000000 0.817914 0.000000 0.575341 0.791430 0.791430 0.791430
1969.125977 0.000000 1950.585815 0.000000 0.091898 0.000000 0.995768 0.664141 0.664141 0.664141
1951.486328 0.000000 1966.729858 0.000000 0.958471 0.000000 0.285191 0.750325 0.750325 0.750325
1951.356689 0.000000 1964.235718 0.000000 0.597668 0.000000 -0.801744 0.972780 0.972780 0.972780
1975.776733 0.000000 1952.715942 0.000000 0.918155 0.000000 0.396222 0.774776 0.774776 0.774776
1954.626221 0.000000 1971.021362 0.000000 0.889428 0.000000 -0.457076 0.850249 0.850249 0.850249
1954.680298 0.000000 1964.167236 0.000000 0.825279 0.000000 0.564726 0.716102 0.716102 0.716102
1975.880127 0.000000 1955.297852 0.000000 0.917106 0.000000 0.398642 0.738580 0.738580 0.738580
1968.428833 0.000000 1954.484985 0.000000 0.545271 0.000000 -0.838260 0.948907 0.948907 0.948907
1952.958740 0.000000 1962.274536 0.000000 0.829658 0.000000 -0.558272 0.876893 0.876893 0.876893
1959.521973 0.000000 1972.382935 0.000000 0.776435 0.000000 0.630198 0.697870 0.697870 0.697870
1954.933105 0.000000 1968.728027 0.000000 0.604116 0.000000 0.796897 0.663712 0.663712 0.663712
1983.139282 0.000000 1959.961670 0.000000 0.255243 0.000000 0.966877 0.569284 0.569284 0.569284
1971.970703 0.000000 1958.099609 0.000000 0.525936 0.000000 -0.850524 0.944212 0.944212 0.944212
1952.165649 0.000000 1971.417603 0.000000 0.250015 0.000000 0.968242 0.602558 0.602558 0.602558
1978.989136 0.000000 1958.111938 0.000000 0.342446 0.000000 -0.939537 1.314667 1.314667 1.314667
1980.344604 0.000000 1956.531372 0.000000 0.891894 0.000000 -0.452244 0.963084 0.963084 0.963084
1957.716797 0.000000 1972.723511 0.000000 0.890076 0.000000 -0.455813 0.904924 0.904924 0.904924
1952.011963 0.000000 1966.166138 0.000000 0.274107 0.000000 -0.961699 1.169326 1.169326 1.169326
1998.252075 0.000000 1951.496216 0.000000 0.687042 0.000000 0.726617 0.743142 0.743142 0.743142
2003.478882 0.000000 1946.200806 0.000000 0.986982 0.000000 0.160829 0.789676 0.789676 0.789676
1997.875854 0.000000 1936.021362 0.000000 0.997794 0.000000 -0.066393 0.809952 0.809952 0.809952
1997.204346 0.000000 1943.266479 0.000000 0.989093 0.000000 -0.147294 0.821554 0.821554 0.821554
2001.166992 0.000000 1945.831421 0.000000 0.917964 0.000000 -0.396664 0.861097 0.861097 0.861097
1990.273438 0.000000 1934.596924 0.000000 0.024766 0.000000 0.999693 0.481958 0.481958 0.481958
1999.287231 0.000000 1942.051514 0.000000 0.879923 0.000000 -0.475117 0.881084 0.881084 0.881084
1993.966919 0.000000 1937.065552 0.000000 0.632182 0.000000 -0.774820 1.065562 1.065562 1.065562
1992.032349 0.000000 1938.350952 0.000000 0.674304 0.000000 -0.738454 0.989155 0.989155 0.989155
2022.714355 0.000000 1948.230957 0.000000 0.432794 0.000000 0.901493 0.748404 0.748404 0.748404
2020.362915 0.000000 1947.354004 0.000000 0.892942 0.000000 -0.450171 0.869947 0.869947 0.869947
2046.364380 0.000000 1947.971680 0.000000 0.058518 0.000000 0.998286 0.552334 0.552334 0.552334
2018.246216 0.000000 1946.551270 0.000000 0.793976 0.000000 -0.607949 0.897886 0.897886 0.897886
2017.893311 0.000000 1950.636963 0.000000 0.152461 0.000000 -0.988310 1.145451 1.145451 1.145451
2033.125977 0.000000 1982.585815 0.000000 0.966828 0.000000 0.255430 0.777818 0.777818 0.777818
2043.829590 0.000000 1980.882324 0.000000 0.674228 0.000000 -0.738523 0.874676 0.874676 0.874676
2039.880127 0.000000 1955.297852 0.000000 0.484572 0.000000 0.874752 0.672386 0.672386 0.672386
2047.132690 0.000000 1957.350342 0.000000 0.212387 0.000000 -0.977186 1.005946 1.005946 1.005946
2038.239136 0.000000 1983.347656 0.000000 0.985326 0.000000 0.170686 0.748613 0.748613 0.748613
2036.979980 0.000000 1979.617798 0.000000 0.820945 0.000000 0.571007 0.632498 0.632498 0.632498
2018.060425 0.000000 1952.627319 0.000000 0.602899 0.000000 0.797817 0.523283 0.523283 0.523283
2017.608032 0.000000 1954.884888 0.000000 0.886109 0.000000 -0.463477 0.910687 0.910687 0.910687
2047.681152 0.000000 1955.447632 0.000000 0.956972 0.000000 0.290181 0.738258 0.738258 0.738258
2019.888794 0.000000 1952.005737 0.000000 0.958249 0.000000 -0.285935 0.886874 0.886874 0.886874
2036.462769 0.000000 1981.276733 0.000000 0.869335 0.000000 -0.494223 1.019913 1.019913 1.019913
2041.429077 0.000000 1983.939209 0.000000 0.435470 0.000000 0.900203 0.524803 0.524803 0.524803
2016.384888 0.000000 1952.030273 0.000000 0.689927 0.000000 0.723879 0.601160 0.601160 0.601160
2039.590698 0.000000 1982.342407 0.000000 0.769085 0.000000 -0.639146 1.007729 1.007729 1.007729
1974.474854 0.000000 2013.118042 0.000000 0.685374 0.000000 0.728191 0.451371 0.451371 0.451371
1973.305664 0.000000 2007.923584 0.000000 0.095307 0.000000 0.995448 0.195944 0.195944 0.195944
1975.974609 0.000000 2007.988403 0.000000 0.794371 0.000000 0.607433 0.702211 0.702211 0.702211
1968.560913 0.000000 2000.060791 0.000000 0.990001 0.000000 -0.141061 0.842401 0.842401 0.842401
1969.991211 0.000000 2002.651855 0.000000 0.406711 0.000000 0.913557 0.367467 0.367467 0.367467
1972.404663 0.000000 2005.760620 0.000000 0.959025 0.000000 -0.283322 0.891795 0.891795 0.891795
1974.239136 0.000000 2015.347656 0.000000 0.502690 0.000000 0.864467 0.370429 0.370429 0.370429
1979.040161 0.000000 2015.215088 0.000000 0.428735 0.000000 0.903430 0.297739 0.297739 0.297739
1973.761597 0.000000 2004.190674 0.000000 0.512811 0.000000 -0.858501 1.129893 1.129893 1.129893
1970.603516 0.000000 2005.108765 0.000000 0.684493 0.000000 -0.729019 1.167092 1.167092 1.167092
1975.884033 0.000000 2011.793701 0.000000 0.174332 0.000000 0.984687 0.454377 0.454377 0.454377
1973.188354 0.000000 2009.717773 0.000000 0.572764 0.000000 -0.819720 1.187677 1.187677 1.187677
1971.362915 0.000000 2008.532715 0.000000 0.150824 0.000000 0.988561 0.369100 0.369100 0.369100
1972.462769 0.000000 2013.276733 0.000000 0.238672 0.000000 -0.971100 1.304626 1.304626 1.304626
1977.429077 0.000000 2015.939209 0.000000 0.844397 0.000000 -0.535719 1.029219 1.029219 1.029219
1975.590698 0.000000 2014.342407 0.000000 0.368129 0.000000 -0.929775 1.291167 1.291167 1.291167
1978.185425 0.000000 2012.829590 0.000000 0.508218 0.000000 -0.861229 1.158542 1.158542 1.158542
1972.718628 0.000000 2017.037598 0.000000 0.732139 0.000000 0.681155 0.735646 0.735646 0.735646
1975.880127 0.000000 2019.297852 0.000000 0.170626 0.000000 -0.985336 0.956509 0.956509 0.956509
1977.803345 0.000000 2017.642578 0.000000 0.403670 0.000000 -0.914904 1.277622 1.277622 1.277622
2014.231689 0.000000 2005.910522 0.000000 0.654680 0.000000 -0.755906 1.236486 1.236486 1.236486
1992.103760 0.000000 1997.298096 0.000000 0.327958 0.000000 -0.944692 1.429823 1.429823 1.429823
1999.467041 0.000000 1998.134033 0.000000 0.254925 0.000000 0.966961 0.202087 0.202087 0.202087
2009.589844 0.000000 2011.289551 0.000000 0.813248 0.000000 0.581918 0.483684 0.483684 0.483684
2006.474854 0.000000 2013.118042 0.000000 0.836756 0.000000 -0.547575 1.095118 1.095118 1.095118
2001.125977 0.000000 2014.585815 0.000000 0.312880 0.000000 -0.949793 1.360378 1.360378 1.360378
2002.714355 0.000000 1986.874390 0.000000 0.999249 0.000000 0.038761 0.795354 0.795354 0.795354
1994.750610 0.000000 1997.136230 0.000000 0.994676 0.000000 -0.103054 0.852578 0.852578 0.852578
2002.547852 0.000000 2012.525391 0.000000 0.946807 0.000000 -0.321803 0.957701 0.957701 0.957701
1993.937134 0.000000 1994.743164 0.000000 0.999153 0.000000 0.041141 0.782822 0.782822 0.782822
1997.081177 0.000000 1997.754883 0.000000 0.132291 0.000000 -0.991211 1.440514 1.440514 1.440514
2001.465088 0.000000 1996.796753 0.000000 0.509754 0.000000 0.860320 0.363455 0.363455 0.363455
2004.653320 0.000000 1999.088989 0.000000 0.336674 0.000000 -0.941621 1.371185 1.371185 1.371185
2012.687134 0.000000 2007.710327 0.000000 0.586962 0.000000 0.809614 0.353401 0.353401 0.353401
2001.166992 0.000000 2009.831421 0.000000 0.581523 0.000000 0.813530 0.669054 0.669054 0.669054
2003.970703 0.000000 1990.099609 0.000000 0.672019 0.000000 -0.740534 1.141412 1.141412 1.141412
2003.187378 0.000000 1994.143555 0.000000 0.938425 0.000000 0.345483 0.746455 0.746455 0.746455
1999.387817 0.000000 1989.666382 0.000000 0.725840 0.000000 0.687864 0.663651 0.663651 0.663651
2015.804688 0.000000 2007.430420 0.000000 0.563615 0.000000 -0.826038 1.098975 1.098975 1.098975
1999.287231 0.000000 2006.051514 0.000000 0.310720 0.000000 0.950502 0.591983 0.591983 0.591983
1998.213867 0.000000 1993.784546 0.000000 0.880978 0.000000 0.473157 0.645452 0.645452 0.645452
1995.514160 0.000000 1993.306763 0.000000 0.464505 0.000000 0.885571 0.465444 0.465444 0.465444
2004.605103 0.000000 2001.452393 0.000000 0.825115 0.000000 0.564964 0.505016 0.505016 0.505016
2010.053589 0.000000 2009.255005 0.000000 0.515084 0.000000 0.857140 0.567611 0.567611 0.567611
2006.239136 0.000000 2015.347656 0.000000 0.047900 0.000000 0.998852 0.024405 0.024405 0.024405
2004.979980 0.000000 2011.617798 0.000000 0.853404 0.000000 -0.521251 1.038736 1.038736 1.038736
2015.156860 0.000000 2004.075439 0.000000 0.173765 0.000000 0.984787 0.088949 0.088949 0.088949
2011.794434 0.000000 2005.787598 0.000000 0.998317 0.000000 0.058001 0.783078 0.783078 0.783078
2002.561157 0.000000 1998.499390 0.000000 0.151897 0.000000 -0.988396 1.426027 1.426027 1.426027
1998.784668 0.000000 2013.668091 0.000000 0.680229 0.000000 0.733000 0.650471 0.650471 0.650471
2005.761597 0.000000 2004.190674 0.000000 0.713604 0.000000 0.700550 0.604676 0.604676 0.604676
2002.603516 0.000000 2005.108765 0.000000 0.808708 0.000000 0.588210 0.611607 0.611607 0.611607
2007.884033 0.000000 2011.793701 0.000000 0.688488 0.000000 0.725248 0.396484 0.396484 0.396484
2000.537720 0.000000 1988.257935 0.000000 0.752987 0.000000 0.658036 0.495901 0.495901 0.495901
2000.863281 0.000000 2007.367554 0.000000 0.830198 0.000000 -0.557468 0.992508 0.992508 0.992508
2003.708740 0.000000 1988.376953 0.000000 0.937474 0.000000 0.348054 0.655159 0.655159 0.655159
2005.188354 0.000000 2009.717773 0.000000 0.903732 0.000000 0.428098 0.706343 0.706343 0.706343
2008.453735 0.000000 2009.787109 0.000000 0.925943 0.000000 0.377664 0.662321 0.662321 0.662321
2004.462769 0.000000 2013.276733 0.000000 0.030562 0.000000 0.999533 0.015567 0.015567 0.015567
1992.430176 0.000000 1995.637329 0.000000 0.983080 0.000000 0.183179 0.723103 0.723103 0.723103
2009.429077 0.000000 2015.939209 0.000000 0.415368 0.000000 -0.909653 1.249503 1.249503 1.249503
2000.638672 0.000000 1990.836548 0.000000 0.871541 0.000000 -0.490322 1.029265 1.029265 1.029265
2005.941772 0.000000 2000.472168 0.000000 0.593034 0.000000 -0.805178 1.259864 1.259864 1.259864
1997.696899 0.000000 1990.164185 0.000000 0.839545 0.000000 -0.543290 0.952566 0.952566 0.952566
2008.854370 0.000000 2006.473877 0.000000 0.907548 0.000000 0.419949 0.639002 0.639002 0.639002
1997.047974 0.000000 1992.605469 0.000000 0.985415 0.000000 -0.170166 0.860450 0.860450 0.860450
1994.195679 0.000000 1992.319580 0.000000 0.932485 0.000000 -0.361208 0.913668 0.913668 0.913668
1990.650879 0.000000 1996.563354 0.000000 0.707818 0.000000 0.706395 0.588507 0.588507 0.588507
2007.590698 0.000000 2014.342407 0.000000 0.702653 0.000000 -0.711533 1.203198 1.203198 1.203198
2010.185425 0.000000 2012.829590 0.000000 0.445005 0.000000 0.895528 0.403306 0.403306 0.403306
2030.386230 0.000000 1991.658569 0.000000 0.407400 0.000000 -0.913250 0.880472 0.880472 0.880472
2046.717896 0.000000 1994.415527 0.000000 0.969182 0.000000 0.246347 0.676711 0.676711 0.676711
2038.474854 0.000000 2013.118042 0.000000 0.995059 0.000000 0.099283 0.790863 0.790863 0.790863
2043.829590 0.000000 2012.882324 0.000000 0.977124 0.000000 0.212668 0.775175 0.775175 0.775175
2034.198486 0.000000 1992.187256 0.000000 0.724356 0.000000 0.689426 0.476391 0.476391 0.476391
2017.882080 0.000000 2007.758057 0.000000 0.846708 0.000000 -0.532058 0.867231 0.867231 0.867231
2039.161255 0.000000 1992.527832 0.000000 0.265233 0.000000 0.964184 0.628327 0.628327 0.628327
2046.364380 0.000000 2011.971680 0.000000 0.970439 0.000000 0.241345 0.765922 0.765922 0.765922
2047.139282 0.000000 1991.961670 0.000000 0.831605 0.000000 0.555368 0.524820 0.524820 0.524820
2016.165649 0.000000 2003.417603 0.000000 0.953600 0.000000 -0.301076 0.920327 0.920327 0.920327
2042.989136 0.000000 1990.111938 0.000000 0.091204 0.000000 -0.995832 1.382105 1.382105 1.382105
2043.545288 0.000000 1992.090576 0.000000 0.435691 0.000000 0.900096 0.263147 0.263147 0.263147
2044.344604 0.000000 1988.531372 0.000000 0.788709 0.000000 -0.614767 0.930913 0.930913 0.930913
2032.224365 0.000000 1992.540039 0.000000 0.974010 0.000000 -0.226504 0.900396 0.900396 0.900396
2047.356689 0.000000 1996.235718 0.000000 0.106740 0.000000 0.994287 0.311748 0.311748 0.311748
2045.257812 0.000000 1993.213013 0.000000 0.951231 0.000000 0.308479 0.640288 0.640288 0.640288
2045.113647 0.000000 1995.523193 0.000000 0.946731 0.000000 -0.322027 0.966982 0.966982 0.966982
2042.003052 0.000000 1994.849609 0.000000 0.990603 0.000000 -0.136768 0.840555 0.840555 0.840555
2018.624390 0.000000 2004.837891 0.000000 0.851392 0.000000 -0.524530 0.923514 0.923514 0.923514
2032.638672 0.000000 1990.836548 0.000000 0.590741 0.000000 -0.806862 1.115008 1.115008 1.115008
1994.786499 0.000000 2016.178833 0.000000 0.979140 0.000000 0.203187 0.792644 0.792644 0.792644
1998.386230 0.000000 2023.658569 0.000000 0.185170 0.000000 -0.982707 0.874663 0.874663 0.874663
2000.428833 0.000000 2018.484985 0.000000 0.629310 0.000000 -0.777154 1.141338 1.141338 1.141338
1995.514160 0.000000 2025.306763 0.000000 0.816798 0.000000 -0.576924 0.910540 0.910540 0.910540
1997.515747 0.000000 2018.147339 0.000000 0.811821 0.000000 -0.583906 0.993028 0.993028 0.993028
2006.152832 0.000000 2016.035645 0.000000 0.884948 0.000000 0.465689 0.659714 0.659714 0.659714
2003.084351 0.000000 2017.335083 0.000000 0.977619 0.000000 -0.210385 0.901604 0.901604 0.901604
2392.881348 0.000000 1606.743896 0.000000 0.996982 0.000000 -0.077639 0.804346 0.804346 0.804346
2391.161133 0.000000 1608.527832 0.000000 0.830659 0.000000 0.556781 0.514590 0.514590 0.514590
2393.684326 0.000000 1608.959351 0.000000 0.408714 0.000000 0.912662 0.623183 0.623183 0.623183
2201.589844 0.000000 1915.289551 0.000000 0.306408 0.000000 -0.951900 0.920733 0.920733 0.920733
2203.829590 0.000000 1916.882324 0.000000 0.735692 0.000000 -0.677316 0.881739 0.881739 0.881739
2177.512939 0.000000 1902.743652 0.000000 0.942248 0.000000 0.334915 0.766578 0.766578 0.766578
2182.820557 0.000000 1912.960938 0.000000 0.135998 0.000000 0.990709 0.573682 0.573682 0.573682
2177.882080 0.000000 1911.758057 0.000000 0.371493 0.000000 -0.928436 0.942624 0.942624 0.942624
2180.363037 0.000000 1915.354004 0.000000 0.900904 0.000000 -0.434019 0.868146 0.868146 0.868146
2178.933105 0.000000 1904.728027 0.000000 0.846610 0.000000 0.532213 0.718176 0.718176 0.718176
2181.313965 0.000000 1904.662354 0.000000 0.540127 0.000000 -0.841584 0.941833 0.941833 0.941833
2190.784668 0.000000 1917.668091 0.000000 0.523071 0.000000 -0.852289 0.993598 0.993598 0.993598
2191.964355 0.000000 1919.705688 0.000000 0.546933 0.000000 -0.837176 1.101182 1.101182 1.101182
2238.231689 0.000000 1909.910522 0.000000 0.740253 0.000000 0.672328 0.769074 0.769074 0.769074
2216.185303 0.000000 1919.080200 0.000000 0.369702 0.000000 -0.929150 0.914284 0.914284 0.914284
2229.446777 0.000000 1898.620972 0.000000 0.302349 0.000000 0.953197 0.673810 0.673810 0.673810
2226.198486 0.000000 1896.187256 0.000000 0.831562 0.000000 0.555432 0.715318 0.715318 0.715318
2239.139160 0.000000 1895.961670 0.000000 0.029676 0.000000 -0.999560 1.280164 1.280164 1.280164
2221.964355 0.000000 1914.016846 0.000000 0.550273 0.000000 -0.834985 0.999322 0.999322 0.999322
2222.213867 0.000000 1897.784546 0.000000 0.073947 0.000000 0.997262 0.480131 0.480131 0.480131
2228.979980 0.000000 1915.617798 0.000000 0.996407 0.000000 0.084693 0.781879 0.781879 0.781879
2236.015625 0.000000 1890.344360 0.000000 0.879372 0.000000 -0.476135 0.899114 0.899114 0.899114
2236.344727 0.000000 1892.531372 0.000000 0.996775 0.000000 -0.080251 0.819736 0.819736 0.819736
2237.257812 0.000000 1897.213013 0.000000 0.495156 0.000000 0.868804 0.530860 0.530860 0.530860
2231.884033 0.000000 1915.793701 0.000000 0.921304 0.000000 0.388842 0.720235 0.720235 0.720235
2224.537598 0.000000 1892.257935 0.000000 0.522752 0.000000 0.852485 0.512554 0.512554 0.512554
2229.188232 0.000000 1913.717773 0.000000 0.992950 0.000000 0.118534 0.772473 0.772473 0.772473
2224.638672 0.000000 1894.836548 0.000000 0.980970 0.000000 -0.194157 0.844099 0.844099 0.844099
2246.714355 0.000000 1916.230957 0.000000 0.228859 0.000000 -0.973460 0.885635 0.885635 0.885635
2240.050293 0.000000 1918.543213 0.000000 0.897468 0.000000 -0.441079 0.839231 0.839231 0.839231
2242.680420 0.000000 1900.167236 0.000000 0.993185 0.000000 -0.116550 0.812832 0.812832 0.812832
2241.882080 0.000000 1911.758057 0.000000 0.899220 0.000000 -0.437496 0.852454 0.852454 0.852454
2244.363037 0.000000 1915.354004 0.000000 0.961391 0.000000 0.275186 0.703674 0.703674 0.703674
2242.246094 0.000000 1914.551270 0.000000 0.549734 0.000000 0.835340 0.414920 0.414920 0.414920
2244.580811 0.000000 1917.118164 0.000000 0.778878 0.000000 -0.627175 0.952999 0.952999 0.952999
2242.712402 0.000000 1897.707275 0.000000 0.659904 0.000000 -0.751350 0.990161 0.990161 0.990161
2240.006836 0.000000 1894.326660 0.000000 0.995272 0.000000 0.097127 0.773188 0.773188 0.773188
2241.570801 0.000000 1894.543213 0.000000 0.973069 0.000000 0.230513 0.735890 0.735890 0.735890
2079.086670 0.000000 1945.549561 0.000000 0.993576 0.000000 -0.113164 0.848698 0.848698 0.848698
2078.364258 0.000000 1947.971680 0.000000 0.816305 0.000000 0.577622 0.486370 0.486370 0.486370
2049.893311 0.000000 1950.636963 0.000000 0.761769 0.000000 -0.647849 0.985799 0.985799 0.985799
2078.265625 0.000000 1944.111206 0.000000 0.887717 0.000000 0.460389 0.594558 0.594558 0.594558
2085.686523 0.000000 1938.909302 0.000000 0.988833 0.000000 0.149025 0.793427 0.793427 0.793427
2080.249756 0.000000 1945.564819 0.000000 0.970154 0.000000 -0.242491 0.914959 0.914959 0.914959
2099.926514 0.000000 1939.724976 0.000000 0.763192 0.000000 -0.646171 0.843498 0.843498 0.843498
2099.478760 0.000000 1946.200806 0.000000 0.629451 0.000000 -0.777040 1.185705 1.185705 1.185705
2080.050293 0.000000 1950.543213 0.000000 0.992733 0.000000 -0.120342 0.811565 0.811565 0.811565
2101.305664 0.000000 1943.923584 0.000000 0.941237 0.000000 -0.337746 0.975463 0.975463 0.975463
2082.786865 0.000000 1951.978394 0.000000 0.968371 0.000000 -0.249516 0.831227 0.831227 0.831227
2103.974609 0.000000 1943.988403 0.000000 0.812205 0.000000 -0.583372 1.101055 1.101055 1.101055
2080.467285 0.000000 1948.073120 0.000000 0.924722 0.000000 -0.380643 0.977818 0.977818 0.977818
2082.246094 0.000000 1946.551270 0.000000 0.145259 0.000000 0.989394 0.310469 0.310469 0.310469
2086.105713 0.000000 1942.550537 0.000000 0.497847 0.000000 -0.867265 1.026418 1.026418 1.026418
2100.404541 0.000000 1941.760620 0.000000 0.614377 0.000000 0.789013 0.424111 0.424111 0.424111
2100.979980 0.000000 1947.617798 0.000000 0.625205 0.000000 0.780460 0.343976 0.343976 0.343976
2088.626953 0.000000 1948.834717 0.000000 0.441982 0.000000 -0.897024 1.008953 1.008953 1.008953
2101.761719 0.000000 1940.190674 0.000000 0.700665 0.000000 0.713490 0.471545 0.471545 0.471545
2080.139160 0.000000 1943.112183 0.000000 0.835036 0.000000 -0.550196 0.982683 0.982683 0.982683
2098.603516 0.000000 1941.108765 0.000000 0.011065 0.000000 -0.999939 1.139552 1.139552 1.139552
2084.580811 0.000000 1949.118164 0.000000 0.319459 0.000000 0.947600 0.449215 0.449215 0.449215
2085.716797 0.000000 1940.723511 0.000000 0.979268 0.000000 0.202567 0.740520 0.740520 0.740520
2101.188232 0.000000 1945.717773 0.000000 0.440609 0.000000 -0.897699 1.367620 1.367620 1.367620
2086.806641 0.000000 1949.964111 0.000000 0.994075 0.000000 0.108701 0.776072 0.776072 0.776072
2083.667480 0.000000 1943.368164 0.000000 0.112891 0.000000 -0.993607 1.166824 1.166824 1.166824
2099.362793 0.000000 1944.532715 0.000000 0.342002 0.000000 0.939699 0.185088 0.185088 0.185088
2100.462891 0.000000 1949.276733 0.000000 0.916985 0.000000 0.398921 0.700015 0.700015 0.700015
2059.836914 0.000000 1977.214233 0.000000 0.919609 0.000000 0.392834 0.783068 0.783068 0.783068
2063.351562 0.000000 1976.339844 0.000000 0.911084 0.000000 -0.412220 0.828004 0.828004 0.828004
2051.392090 0.000000 1954.345947 0.000000 0.680555 0.000000 -0.732697 1.161302 1.161302 1.161302
2050.060547 0.000000 1952.627319 0.000000 0.970689 0.000000 -0.240339 0.846537 0.846537 0.846537
2050.932617 0.000000 1957.660889 0.000000 0.221021 0.000000 0.975269 0.307337 0.307337 0.307337
2049.608154 0.000000 1954.884888 0.000000 0.773997 0.000000 -0.633189 1.108124 1.108124 1.108124
2051.270996 0.000000 1956.019043 0.000000 0.954611 0.000000 0.297857 0.689457 0.689457 0.689457
2048.008301 0.000000 1955.433228 0.000000 0.978308 0.000000 0.207153 0.706231 0.706231 0.706231
2048.384766 0.000000 1952.030273 0.000000 0.732467 0.000000 0.680803 0.560696 0.560696 0.560696
2126.252197 0.000000 1983.496216 0.000000 0.755703 0.000000 0.654914 0.745806 0.745806 0.745806
2131.926514 0.000000 1971.724976 0.000000 0.603037 0.000000 -0.797713 0.855333 0.855333 0.855333
2134.609375 0.000000 1970.199951 0.000000 0.941211 0.000000 0.337820 0.771782 0.771782 0.771782
2130.547852 0.000000 1980.525391 0.000000 0.776378 0.000000 -0.630268 0.877629 0.877629 0.877629
2125.204346 0.000000 1975.266479 0.000000 0.220767 0.000000 0.975326 0.627669 0.627669 0.627669
2129.166992 0.000000 1977.831421 0.000000 0.927617 0.000000 0.373532 0.749538 0.749538 0.749538
2134.239258 0.000000 1983.347656 0.000000 0.336464 0.000000 0.941696 0.525389 0.525389 0.525389
2139.040039 0.000000 1983.215088 0.000000 0.898372 0.000000 -0.439236 0.883558 0.883558 0.883558
2138.185303 0.000000 1980.829590 0.000000 0.665210 0.000000 0.746657 0.569331 0.569331 0.569331
2173.637451 0.000000 1965.300781 0.000000 0.075056 0.000000 -0.997179 0.835847 0.835847 0.835847
2174.637939 0.000000 1970.081055 0.000000 0.944650 0.000000 0.328079 0.779304 0.779304 0.779304
2163.478760 0.000000 1978.200806 0.000000 0.050136 0.000000 -0.998742 0.903261 0.903261 0.903261
2146.786865 0.000000 1983.978394 0.000000 0.584311 0.000000 0.811530 0.678981 0.678981 0.678981
2170.228027 0.000000 1964.555420 0.000000 0.631238 0.000000 -0.775590 0.908144 0.908144 0.908144
2156.705322 0.000000 1970.370483 0.000000 0.953735 0.000000 0.300648 0.770115 0.770115 0.770115
2157.204346 0.000000 1975.266479 0.000000 0.596042 0.000000 0.802953 0.658496 0.658496 0.658496
2161.166992 0.000000 1977.831421 0.000000 0.931416 0.000000 -0.363957 0.869192 0.869192 0.869192
2159.287354 0.000000 1974.051514 0.000000 0.268799 0.000000 -0.963196 1.025653 1.025653 1.025653
2150.105713 0.000000 1974.550537 0.000000 0.748144 0.000000 0.663536 0.662339 0.662339 0.662339
2155.396973 0.000000 1972.324585 0.000000 0.205346 0.000000 0.978689 0.513960 0.513960 0.513960
2153.355713 0.000000 1973.099243 0.000000 0.351898 0.000000 0.936038 0.560514 0.560514 0.560514
2072.881348 0.000000 1990.743896 0.000000 0.500159 0.000000 -0.865934 0.860643 0.860643 0.860643
2056.103760 0.000000 1997.298096 0.000000 0.581067 0.000000 -0.813856 0.845573 0.845573 0.845573
2074.761963 0.000000 1999.116089 0.000000 0.079089 0.000000 0.996868 0.695731 0.695731 0.695731
2052.128662 0.000000 2005.752075 0.000000 0.741264 0.000000 -0.671214 0.860256 0.860256 0.860256
2050.626221 0.000000 2003.021362 0.000000 0.627035 0.000000 -0.778991 0.869562 0.869562 0.869562
2059.033691 0.000000 2006.317261 0.000000 0.976233 0.000000 -0.216724 0.821816 0.821816 0.821816
2058.750488 0.000000 1997.136230 0.000000 0.805794 0.000000 -0.592196 0.877215 0.877215 0.877215
2048.467285 0.000000 2012.073120 0.000000 0.389112 0.000000 -0.921191 0.968410 0.968410 0.968410
2054.820557 0.000000 2008.960938 0.000000 0.882886 0.000000 0.469588 0.742398 0.742398 0.742398
2052.363037 0.000000 2011.354004 0.000000 0.999758 0.000000 -0.021991 0.803338 0.803338 0.803338
2071.161133 0.000000 1992.527832 0.000000 0.872846 0.000000 -0.487995 0.870254 0.870254 0.870254
2070.221924 0.000000 1990.269287 0.000000 0.527769 0.000000 0.849388 0.668255 0.668255 0.668255
2061.081299 0.000000 1997.754883 0.000000 0.738320 0.000000 0.674451 0.684685 0.684685 0.684685
2065.465088 0.000000 1996.796753 0.000000 0.048847 0.000000 -0.998806 0.991498 0.991498 0.991498
2050.246094 0.000000 2010.551270 0.000000 0.892465 0.000000 0.451117 0.726155 0.726155 0.726155
2072.985840 0.000000 1998.133301 0.000000 0.606924 0.000000 -0.794760 0.963287 0.963287 0.963287
2066.561035 0.000000 1998.499390 0.000000 0.574810 0.000000 -0.818287 1.016305 1.016305 1.016305
2057.355713 0.000000 2005.099243 0.000000 0.928930 0.000000 -0.370255 0.888630 0.888630 0.888630
2052.093506 0.000000 2002.067139 0.000000 0.549916 0.000000 -0.835220 1.042843 1.042843 1.042843
2052.183350 0.000000 2003.820801 0.000000 0.992001 0.000000 -0.126232 0.831093 0.831093 0.831093
2048.006836 0.000000 1990.326660 0.000000 0.180455 0.000000 0.983583 0.289426 0.289426 0.289426
2049.570801 0.000000 1990.543213 0.000000 0.549862 0.000000 -0.835256 1.163302 1.163302 1.163302
2125.486572 0.000000 2004.908325 0.000000 0.846901 0.000000 -0.531751 0.813437 0.813437 0.813437
2120.103760 0.000000 1997.298096 0.000000 0.348038 0.000000 -0.937481 0.870391 0.870391 0.870391
2123.363281 0.000000 1991.162964 0.000000 0.923613 0.000000 -0.383326 0.829857 0.829857 0.829857
2142.826660 0.000000 1984.403198 0.000000 0.169173 0.000000 0.985586 0.190092 0.190092 0.190092
2122.750488 0.000000 1997.136230 0.000000 0.086324 0.000000 0.996267 0.636945 0.636945 0.636945
2124.705322 0.000000 2002.370483 0.000000 0.633430 0.000000 0.773800 0.701037 0.701037 0.701037
2133.446777 0.000000 1994.620972 0.000000 0.106119 0.000000 -0.994353 0.995969 0.995969 0.995969
2137.373047 0.000000 2004.834229 0.000000 0.510875 0.000000 0.859655 0.634694 0.634694 0.634694
2134.485352 0.000000 1996.843628 0.000000 0.347571 0.000000 -0.937654 1.390071 1.390071 1.390071
2140.687012 0.000000 2007.710327 0.000000 0.696894 0.000000 0.717174 0.675413 0.675413 0.675413
2143.139160 0.000000 1991.961670 0.000000 0.992163 0.000000 0.124952 0.782485 0.782485 0.782485
2124.300293 0.000000 1989.050049 0.000000 0.937385 0.000000 0.348295 0.741737 0.741737 0.741737
2127.387695 0.000000 1989.666382 0.000000 0.216349 0.000000 0.976316 0.578460 0.578460 0.578460
2138.989258 0.000000 1990.111938 0.000000 0.888761 0.000000 -0.458371 0.871326 0.871326 0.871326
2143.804688 0.000000 2007.430420 0.000000 0.977778 0.000000 0.209643 0.764566 0.764566 0.764566
2129.991211 0.000000 2002.651855 0.000000 0.999492 0.000000 0.031857 0.794591 0.794591 0.794591
2137.803223 0.000000 1985.642578 0.000000 0.747014 0.000000 0.664808 0.666373 0.666373 0.666373
2132.605225 0.000000 2001.452393 0.000000 0.919445 0.000000 0.393218 0.640186 0.640186 0.640186
2132.404541 0.000000 2005.760620 0.000000 0.967282 0.000000 0.253705 0.751331 0.751331 0.751331
2139.545410 0.000000 1992.090576 0.000000 0.265699 0.000000 -0.964056 1.073015 1.073015 1.073015
2140.015625 0.000000 1986.344360 0.000000 0.777395 0.000000 0.629013 0.601632 0.601632 0.601632
2136.985840 0.000000 1998.133301 0.000000 0.419039 0.000000 -0.907968 1.220630 1.220630 1.220630
2130.561035 0.000000 1998.499390 0.000000 0.947348 0.000000 -0.320206 0.859892 0.859892 0.859892
2134.376709 0.000000 1986.117065 0.000000 0.988954 0.000000 -0.148224 0.850216 0.850216 0.850216
2141.257812 0.000000 1993.213013 0.000000 0.675756 0.000000 0.737125 0.607982 0.607982 0.607982
2135.844727 0.000000 1989.176880 0.000000 0.983676 0.000000 0.179946 0.730257 0.730257 0.730257
2141.113770 0.000000 1995.523193 0.000000 0.869381 0.000000 -0.494142 0.905291 0.905291 0.905291
2143.681152 0.000000 1987.447632 0.000000 0.518282 0.000000 -0.855210 1.279484 1.279484 1.279484
2139.785645 0.000000 1997.631348 0.000000 0.925279 0.000000 0.379287 0.698993 0.698993 0.698993
2141.178223 0.000000 1984.849121 0.000000 0.999171 0.000000 0.040709 0.788045 0.788045 0.788045
2132.375488 0.000000 1986.693115 0.000000 0.902553 0.000000 -0.430578 0.923576 0.923576 0.923576
2134.152832 0.000000 1984.035645 0.000000 0.683466 0.000000 0.729982 0.587537 0.587537 0.587537
2133.941895 0.000000 2000.472168 0.000000 0.040673 0.000000 -0.999173 1.405088 1.405088 1.405088
2137.583740 0.000000 1989.075439 0.000000 0.633772 0.000000 0.773520 0.510325 0.510325 0.510325
2136.203125 0.000000 1996.719360 0.000000 0.334092 0.000000 -0.942540 1.426513 1.426513 1.426513
2149.927246 0.000000 1991.717529 0.000000 0.804302 0.000000 0.594220 0.730104 0.730104 0.730104
2150.820557 0.000000 2008.960938 0.000000 0.988991 0.000000 -0.147973 0.819281 0.819281 0.819281
2145.882080 0.000000 2007.758057 0.000000 0.104351 0.000000 -0.994541 1.019635 1.019635 1.019635
2144.958740 0.000000 1994.274536 0.000000 0.997450 0.000000 0.071369 0.771896 0.771896 0.771896
2151.521973 0.000000 2004.382935 0.000000 0.457859 0.000000 -0.889025 1.257166 1.257166 1.257166
2155.514160 0.000000 1993.306763 0.000000 0.991467 0.000000 -0.130362 0.824283 0.824283 0.824283
2150.105713 0.000000 2006.550537 0.000000 0.219442 0.000000 -0.975626 1.368725 1.368725 1.368725
2146.932617 0.000000 1989.660889 0.000000 0.044766 0.000000 -0.998998 1.162690 1.162690 1.162690
2153.355713 0.000000 2005.099243 0.000000 0.805330 0.000000 -0.592827 0.921668 0.921668 0.921668
2145.608154 0.000000 1986.884888 0.000000 0.647443 0.000000 0.762114 0.395004 0.395004 0.395004
2147.888672 0.000000 1984.005737 0.000000 0.869862 0.000000 -0.493295 0.934972 0.934972 0.934972
2149.716797 0.000000 2004.723511 0.000000 0.432247 0.000000 0.901755 0.387008 0.387008 0.387008
2148.093506 0.000000 2002.067139 0.000000 0.441638 0.000000 -0.897193 1.049051 1.049051 1.049051
2148.183350 0.000000 2003.820801 0.000000 0.972433 0.000000 0.233182 0.747355 0.747355 0.747355
2147.270996 0.000000 1988.019043 0.000000 0.287572 0.000000 0.957759 0.495993 0.495993 0.495993
2144.008301 0.000000 1987.433228 0.000000 0.035941 0.000000 -0.999354 1.517317 1.517317 1.517317
2144.384766 0.000000 1984.030273 0.000000 0.281206 0.000000 0.959647 0.273572 0.273572 0.273572
2180.083496 0.000000 1934.666748 0.000000 0.586167 0.000000 0.810191 0.784909 0.784909 0.784909
2206.278320 0.000000 1950.367676 0.000000 0.963580 0.000000 0.267421 0.791890 0.791890 0.791890
2193.761963 0.000000 1925.575317 0.000000 0.064090 0.000000 -0.997944 0.890275 0.890275 0.890275
2199.776611 0.000000 1920.715942 0.000000 0.615618 0.000000 -0.788044 0.852570 0.852570 0.852570
2178.680420 0.000000 1932.167236 0.000000 0.806465 0.000000 -0.591281 0.870759 0.870759 0.870759
2194.547852 0.000000 1948.525391 0.000000 0.274961 0.000000 -0.961455 0.929046 0.929046 0.929046
2177.512939 0.000000 1934.743652 0.000000 0.555287 0.000000 -0.831659 0.907881 0.907881 0.907881
2176.958740 0.000000 1930.274536 0.000000 0.998546 0.000000 0.053915 0.790950 0.790950 0.790950
2193.166992 0.000000 1945.831421 0.000000 0.969421 0.000000 -0.245403 0.926272 0.926272 0.926272
2196.979980 0.000000 1947.617798 0.000000 0.885521 0.000000 0.464600 0.707357 0.707357 0.707357
2203.545410 0.000000 1928.090576 0.000000 0.439673 0.000000 -0.898158 1.013892 1.013892 1.013892
2195.362793 0.000000 1944.532715 0.000000 0.730389 0.000000 -0.683031 0.993724 0.993724 0.993724
2196.462891 0.000000 1949.276733 0.000000 0.393477 0.000000 -0.919334 1.147103 1.147103 1.147103
2220.507324 0.000000 1931.169922 0.000000 0.954383 0.000000 0.298587 0.788494 0.788494 0.788494
2225.761963 0.000000 1925.575317 0.000000 0.527407 0.000000 0.849613 0.739169 0.739169 0.739169
2222.752441 0.000000 1920.863770 0.000000 0.001711 0.000000 -0.999999 0.956692 0.956692 0.956692
2216.295410 0.000000 1921.879517 0.000000 0.545802 0.000000 -0.837914 0.889287 0.889287 0.889287
2228.718750 0.000000 1921.037598 0.000000 0.523845 0.000000 0.851813 0.696161 0.696161 0.696161
2224.428955 0.000000 1922.484985 0.000000 0.222760 0.000000 0.974873 0.560716 0.560716 0.560716
2180.398926 0.000000 1962.167725 0.000000 0.777454 0.000000 0.628940 0.761962 0.761962 0.761962
2177.512939 0.000000 1966.743652 0.000000 0.461922 0.000000 0.886921 0.691087 0.691087 0.691087
2182.830566 0.000000 1962.974487 0.000000 0.783530 0.000000 -0.621354 0.896414 0.896414 0.896414
2185.937012 0.000000 1962.743164 0.000000 0.472035 0.000000 0.881580 0.646965 0.646965 0.646965
2199.161133 0.000000 1960.527832 0.000000 0.176326 0.000000 0.984332 0.610740 0.610740 0.610740
2198.221924 0.000000 1958.269287 0.000000 0.275620 0.000000 -0.961267 0.962512 0.962512 0.962512
2198.485352 0.000000 1964.843628 0.000000 0.387488 0.000000 0.921875 0.657105 0.657105 0.657105
2262.825195 0.000000 1946.234253 0.000000 0.586900 0.000000 0.809660 0.769847 0.769847 0.769847
2259.926514 0.000000 1939.724976 0.000000 0.888242 0.000000 -0.459376 0.840037 0.840037 0.840037
2253.964355 0.000000 1946.016846 0.000000 0.736735 0.000000 -0.676181 0.918647 0.918647 0.918647
2280.532227 0.000000 1928.712158 0.000000 0.986181 0.000000 0.165670 0.797008 0.797008 0.797008
2276.363037 0.000000 1947.354004 0.000000 0.954810 0.000000 0.297218 0.751782 0.751782 0.751782
2300.687012 0.000000 1943.710327 0.000000 0.999967 0.000000 0.008102 0.795874 0.795874 0.795874
2279.521973 0.000000 1940.382935 0.000000 0.978032 0.000000 -0.208456 0.826842 0.826842 0.826842
2303.804688 0.000000 1943.430420 0.000000 0.420130 0.000000 -0.907464 1.379175 1.379175 1.379175
2281.479736 0.000000 1934.981323 0.000000 0.827880 0.000000 0.560906 0.696530 0.696530 0.696530
2278.105713 0.000000 1942.550537 0.000000 0.016630 0.000000 0.999862 0.498908 0.498908 0.498908
2280.430176 0.000000 1931.637329 0.000000 0.962696 0.000000 0.270587 0.729405 0.729405 0.729405
2302.265625 0.000000 1944.111206 0.000000 0.312856 0.000000 -0.949801 1.137735 1.137735 1.137735
2260.161865 0.000000 1982.979736 0.000000 0.859826 0.000000 0.510587 0.790368 0.790368 0.790368
2254.386230 0.000000 1959.658569 0.000000 0.945741 0.000000 -0.324921 0.817845 0.817845 0.817845
2259.478760 0.000000 1978.200806 0.000000 0.061349 0.000000 0.998116 0.706546 0.706546 0.706546
2242.626221 0.000000 1971.021362 0.000000 0.687197 0.000000 -0.726471 0.876333 0.876333 0.876333
2258.547852 0.000000 1980.525391 0.000000 0.039671 0.000000 -0.999213 0.980422 0.980422 0.980422
2255.387695 0.000000 1957.666382 0.000000 0.917094 0.000000 -0.398671 0.857330 0.857330 0.857330
2280.221191 0.000000 1974.684937 0.000000 0.932795 0.000000 -0.360407 0.805891 0.805891 0.805891
2287.659424 0.000000 1979.973877 0.000000 0.995048 0.000000 -0.099399 0.850707 0.850707 0.850707
2287.351562 0.000000 1976.339844 0.000000 0.920204 0.000000 0.391440 0.628098 0.628098 0.628098
2272.050293 0.000000 1982.543213 0.000000 0.314731 0.000000 0.949181 0.685102 0.685102 0.685102
2280.185303 0.000000 1983.080200 0.000000 0.185632 0.000000 -0.982619 0.918867 0.918867 0.918867
2284.854004 0.000000 1979.902832 0.000000 0.132779 0.000000 -0.991146 1.532176 1.532176 1.532176
2285.204346 0.000000 1975.266479 0.000000 0.229811 0.000000 0.973235 0.572699 0.572699 0.572699
2279.521973 0.000000 1972.382935 0.000000 0.949089 0.000000 -0.315007 0.849283 0.849283 0.849283
2274.933105 0.000000 1968.728027 0.000000 0.953585 0.000000 -0.301124 0.853148 0.853148 0.853148
2289.166992 0.000000 1977.831421 0.000000 0.217680 0.000000 0.976020 0.260202 0.260202 0.260202
2288.561035 0.000000 1968.060791 0.000000 0.928438 0.000000 -0.371488 0.948234 0.948234 0.948234
2285.964355 0.000000 1978.016846 0.000000 0.411272 0.000000 0.911513 0.215865 0.215865 0.215865
2287.287354 0.000000 1974.051514 0.000000 0.993730 0.000000 -0.111802 0.832669 0.832669 0.832669
2289.991211 0.000000 1970.651855 0.000000 0.574869 0.000000 0.818246 0.459297 0.459297 0.459297
2282.937500 0.000000 1979.137207 0.000000 0.571367 0.000000 0.820695 0.328965 0.328965 0.328965
2290.561035 0.000000 1966.499390 0.000000 0.088089 0.000000 0.996113 0.044922 0.044922 0.044922
2280.626953 0.000000 1980.834717 0.000000 0.396208 0.000000 -0.918161 1.062568 1.062568 1.062568
2286.784668 0.000000 1981.668091 0.000000 0.904037 0.000000 0.427455 0.620927 0.620927 0.620927
2280.032227 0.000000 1970.350952 0.000000 0.318798 0.000000 0.947823 0.468933 0.468933 0.468933
2290.603516 0.000000 1973.108765 0.000000 0.580533 0.000000 0.814237 0.554874 0.554874 0.554874
2277.716797 0.000000 1972.723511 0.000000 0.222767 0.000000 -0.974872 1.273189 1.273189 1.273189
2288.863281 0.000000 1975.367554 0.000000 0.311705 0.000000 0.950179 0.349252 0.349252 0.349252
2276.093506 0.000000 1970.067139 0.000000 0.996819 0.000000 -0.079700 0.835057 0.835057 0.835057
2276.183350 0.000000 1971.820801 0.000000 0.296442 0.000000 0.955051 0.242046 0.242046 0.242046
2287.578613 0.000000 1978.102539 0.000000 0.232430 0.000000 0.972613 0.119468 0.119468 0.119468
2289.285400 0.000000 1979.556274 0.000000 0.645614 0.000000 -0.763664 1.093306 1.093306 1.093306
2232.881348 0.000000 1990.743896 0.000000 0.995093 0.000000 0.098942 0.795250 0.795250 0.795250
2228.771973 0.000000 1992.209351 0.000000 0.733962 0.000000 -0.679190 0.840264 0.840264 0.840264
2227.964844 0.000000 1996.796021 0.000000 0.561688 0.000000 0.827349 0.731888 0.731888 0.731888
2234.761963 0.000000 1999.116089 0.000000 0.109200 0.000000 -0.994020 0.925505 0.925505 0.925505
2237.393799 0.000000 1999.808228 0.000000 0.671493 0.000000 0.741011 0.681654 0.681654 0.681654
2228.653320 0.000000 1999.088989 0.000000 0.990490 0.000000 -0.137586 0.825086 0.825086 0.825086
2224.561035 0.000000 2000.060791 0.000000 0.902903 0.000000 0.429844 0.721020 0.721020 0.721020
2234.989258 0.000000 1990.111938 0.000000 0.626148 0.000000 -0.779705 0.948231 0.948231 0.948231
2239.486328 0.000000 1998.729858 0.000000 0.319581 0.000000 -0.947559 1.046270 1.046270 1.046270
2225.991211 0.000000 2002.651855 0.000000 0.984852 0.000000 -0.173400 0.837593 0.837593 0.837593
2228.605225 0.000000 2001.452393 0.000000 0.932856 0.000000 0.360250 0.727867 0.727867 0.727867
2256.895020 0.000000 1994.459717 0.000000 0.860716 0.000000 0.509085 0.789332 0.789332 0.789332
2259.926514 0.000000 2003.724976 0.000000 0.668209 0.000000 0.743974 0.731297 0.731297 0.731297
2256.836182 0.000000 2004.439819 0.000000 0.850361 0.000000 -0.526199 0.848696 0.848696 0.848696
2241.512939 0.000000 1998.743652 0.000000 0.772016 0.000000 -0.635603 0.888043 0.888043 0.888043
2255.387695 0.000000 1989.666382 0.000000 0.999878 0.000000 -0.015616 0.802714 0.802714 0.802714
2344.221191 0.000000 1878.684937 0.000000 0.122531 0.000000 0.992465 0.768189 0.768189 0.768189
2342.714355 0.000000 1884.230957 0.000000 0.995577 0.000000 0.093949 0.794362 0.794362 0.794362
2344.185303 0.000000 1887.080200 0.000000 0.759031 0.000000 -0.651055 0.866552 0.866552 0.866552
2340.580811 0.000000 1885.118164 0.000000 0.198436 0.000000 -0.980114 1.142285 1.142285 1.142285
2331.976318 0.000000 1905.555908 0.000000 0.679822 0.000000 -0.733377 1.107480 1.107480 1.107480
2334.976074 0.000000 1904.349609 0.000000 0.307985 0.000000 -0.951391 1.169260 1.169260 1.169260
2330.438965 0.000000 1904.730713 0.000000 0.248576 0.000000 -0.968612 1.292844 1.292844 1.292844
2359.070557 0.000000 1903.147827 0.000000 0.973435 0.000000 0.228962 0.786159 0.786159 0.786159
2366.826660 0.000000 1888.403198 0.000000 0.999966 0.000000 -0.008282 0.800943 0.800943 0.800943
2363.829590 0.000000 1916.882324 0.000000 0.168086 0.000000 0.985772 0.648803 0.648803 0.648803
2342.830566 0.000000 1898.974487 0.000000 0.227571 0.000000 -0.973761 0.939294 0.939294 0.939294
2361.684326 0.000000 1896.959351 0.000000 0.532517 0.000000 -0.846419 0.957222 0.957222 0.957222
2358.485352 0.000000 1900.843628 0.000000 0.938781 0.000000 0.344515 0.738885 0.738885 0.738885
2352.428955 0.000000 1890.484985 0.000000 0.942386 0.000000 -0.334528 0.855864 0.855864 0.855864
2355.970703 0.000000 1894.099609 0.000000 0.884791 0.000000 0.465989 0.729324 0.729324 0.729324
2336.165527 0.000000 1907.417603 0.000000 0.995934 0.000000 0.090083 0.772435 0.772435 0.772435
2361.803223 0.000000 1889.642578 0.000000 0.749206 0.000000 0.662337 0.529623 0.529623 0.529623
2363.040039 0.000000 1919.215088 0.000000 0.993984 0.000000 0.109523 0.776767 0.776767 0.776767
2361.429199 0.000000 1919.939209 0.000000 0.981678 0.000000 -0.190546 0.842886 0.842886 0.842886
2361.583740 0.000000 1893.075439 0.000000 0.904369 0.000000 -0.426751 0.960265 0.960265 0.960265
2336.011963 0.000000 1902.166138 0.000000 0.869712 0.000000 0.493560 0.618556 0.618556 0.618556
2414.183594 0.000000 1859.834839 0.000000 0.980612 0.000000 0.195961 0.798818 0.798818 0.798818
2430.231689 0.000000 1877.910522 0.000000 0.629018 0.000000 -0.777391 0.835571 0.835571 0.835571
2420.771973 0.000000 1864.209351 0.000000 0.046094 0.000000 -0.998937 0.866994 0.866994 0.866994
2419.964844 0.000000 1868.796021 0.000000 0.704793 0.000000 -0.709413 0.848830 0.848830 0.848830
2430.826660 0.000000 1856.403198 0.000000 0.908271 0.000000 0.418382 0.760342 0.760342 0.760342
2413.875732 0.000000 1872.021362 0.000000 0.645275 0.000000 -0.763950 0.952805 0.952805 0.952805
2419.187256 0.000000 1866.143555 0.000000 0.595198 0.000000 0.803579 0.630377 0.630377 0.630377
2431.486328 0.000000 1870.729858 0.000000 0.077339 0.000000 0.997005 0.531563 0.531563 0.531563
2417.991211 0.000000 1874.651855 0.000000 0.873224 0.000000 0.487319 0.704437 0.704437 0.704437
2428.344727 0.000000 1860.531372 0.000000 0.984754 0.000000 -0.173951 0.833872 0.833872 0.833872
2408.032227 0.000000 1874.350952 0.000000 0.684438 0.000000 0.729071 0.644991 0.644991 0.644991
2423.844727 0.000000 1861.176880 0.000000 0.942903 0.000000 -0.333067 0.896300 0.896300 0.896300
2415.044678 0.000000 1875.861572 0.000000 0.802998 0.000000 -0.595981 0.968328 0.968328 0.968328
2383.351562 0.000000 1912.339844 0.000000 0.169107 0.000000 0.985598 0.086541 0.086541 0.086541
2380.854004 0.000000 1915.902832 0.000000 0.385239 0.000000 -0.922817 0.933803 0.933803 0.933803
2381.204346 0.000000 1911.266479 0.000000 0.466587 0.000000 -0.884475 0.973419 0.973419 0.973419
2385.166992 0.000000 1913.831421 0.000000 0.992675 0.000000 0.120812 0.747270 0.747270 0.747270
2373.313965 0.000000 1904.662354 0.000000 0.896315 0.000000 -0.443417 0.866981 0.866981 0.866981
2383.287354 0.000000 1910.051514 0.000000 0.797958 0.000000 -0.602713 0.921449 0.921449 0.921449
2370.624512 0.000000 1908.837891 0.000000 0.474660 0.000000 0.880169 0.570007 0.570007 0.570007
2457.182861 0.000000 1854.203613 0.000000 0.616174 0.000000 0.787610 0.352600 0.352600 0.352600
2458.338867 0.000000 1847.165649 0.000000 0.260679 0.000000 0.965426 0.703410 0.703410 0.703410
2441.041748 0.000000 1850.228638 0.000000 0.443808 0.000000 0.896122 0.717903 0.717903 0.717903
2438.820557 0.000000 1848.960938 0.000000 0.999942 0.000000 -0.010791 0.801616 0.801616 0.801616
2454.239258 0.000000 1855.347656 0.000000 0.227228 0.000000 -0.973842 1.051866 1.051866 1.051866
2453.188232 0.000000 1849.717773 0.000000 0.818102 0.000000 0.575073 0.665394 0.665394 0.665394
2451.362793 0.000000 1848.532715 0.000000 0.924891 0.000000 -0.380233 0.918411 0.918411 0.918411
2457.429199 0.000000 1855.939209 0.000000 0.824793 0.000000 -0.565435 1.096464 1.096464 1.096464
2479.659424 0.000000 1851.973877 0.000000 0.998577 0.000000 -0.053329 0.801492 0.801492 0.801492
2468.363037 0.000000 1851.354004 0.000000 0.948576 0.000000 0.316550 0.753040 0.753040 0.753040
2476.532715 0.000000 1854.151123 0.000000 0.048349 0.000000 -0.998830 1.116228 1.116228 1.116228
2468.580811 0.000000 1853.118164 0.000000 0.996069 0.000000 0.088583 0.777856 0.777856 0.777856
2470.020020 0.000000 1850.623779 0.000000 0.970092 0.000000 0.242736 0.708427 0.708427 0.708427
2479.964355 0.000000 1855.705688 0.000000 0.933623 0.000000 -0.358258 0.889278 0.889278 0.889278
2436.398926 0.000000 1866.167725 0.000000 0.959582 0.000000 -0.281430 0.945294 0.945294 0.945294
2451.964844 0.000000 1868.796021 0.000000 0.960358 0.000000 -0.278770 0.814670 0.814670 0.814670
2434.680420 0.000000 1868.167236 0.000000 0.995928 0.000000 -0.090156 0.836422 0.836422 0.836422
2438.830566 0.000000 1866.974487 0.000000 0.336663 0.000000 -0.941625 1.341773 1.341773 1.341773
2454.221924 0.000000 1862.269287 0.000000 0.958008 0.000000 -0.286743 0.902810 0.902810 0.902810
2434.933105 0.000000 1872.728027 0.000000 0.657047 0.000000 -0.753850 1.125740 1.125740 1.125740
2437.062500 0.000000 1868.391846 0.000000 0.092347 0.000000 0.995727 0.076625 0.076625 0.076625
2437.313965 0.000000 1872.662354 0.000000 0.379296 0.000000 -0.925275 1.194163 1.194163 1.194163
2451.187256 0.000000 1866.143555 0.000000 0.677366 0.000000 -0.735646 0.923822 0.923822 0.923822
2438.273438 0.000000 1870.596924 0.000000 0.184064 0.000000 0.982914 0.359963 0.359963 0.359963
2457.803223 0.000000 1857.642578 0.000000 0.571485 0.000000 0.820612 0.592391 0.592391 0.592391
2460.015625 0.000000 1858.344360 0.000000 0.947133 0.000000 -0.320842 0.873061 0.873061 0.873061
2455.844727 0.000000 1861.176880 0.000000 0.832906 0.000000 0.553415 0.689898 0.689898 0.689898
2434.712402 0.000000 1865.707275 0.000000 0.015168 0.000000 0.999885 0.206571 0.206571 0.206571
2451.708740 0.000000 1860.376953 0.000000 0.620392 0.000000 -0.784292 1.028679 1.028679 1.028679
2457.583740 0.000000 1861.075439 0.000000 0.557489 0.000000 -0.830184 1.054302 1.054302 1.054302
2432.011963 0.000000 1870.166138 0.000000 0.807779 0.000000 0.589485 0.594766 0.594766 0.594766
2451.084229 0.000000 1857.335083 0.000000 0.095215 0.000000 -0.995457 1.174244 1.174244 1.174244
2438.650879 0.000000 1868.563354 0.000000 0.854848 0.000000 0.518878 0.530876 0.530876 0.530876
2490.228027 0.000000 1868.555420 0.000000 0.998554 0.000000 0.053763 0.794843 0.794843 0.794843
2482.198486 0.000000 1864.187256 0.000000 0.999595 0.000000 0.028466 0.796475 0.796475 0.796475
2483.970703 0.000000 1862.099609 0.000000 0.766029 0.000000 0.642806 0.675900 0.675900 0.675900
2495.486328 0.000000 1870.729858 0.000000 0.523970 0.000000 -0.851736 1.017827 1.017827 1.017827
2466.060547 0.000000 1856.627319 0.000000 0.134306 0.000000 0.990940 0.495971 0.495971 0.495971
2491.545410 0.000000 1864.090576 0.000000 0.930245 0.000000 0.366938 0.726461 0.726461 0.726461
2476.803223 0.000000 1856.067993 0.000000 0.183999 0.000000 -0.982926 1.068463 1.068463 1.068463
2495.356689 0.000000 1868.235718 0.000000 0.949088 0.000000 0.315010 0.676471 0.676471 0.676471
2493.257812 0.000000 1865.213013 0.000000 0.818685 0.000000 -0.574243 0.918502 0.918502 0.918502
2493.113770 0.000000 1867.523193 0.000000 0.273584 0.000000 -0.961848 1.130725 1.130725 1.130725
2467.888672 0.000000 1856.005737 0.000000 0.270076 0.000000 -0.962839 1.074653 1.074653 1.074653
2490.002930 0.000000 1866.849609 0.000000 0.164727 0.000000 0.986339 0.480031 0.480031 0.480031
2483.084229 0.000000 1857.335083 0.000000 0.661156 0.000000 0.750249 0.571238 0.571238 0.571238
2464.384766 0.000000 1856.030273 0.000000 0.047874 0.000000 0.998853 0.343760 0.343760 0.343760
2501.686523 0.000000 1874.909302 0.000000 0.374414 0.000000 0.927262 0.745472 0.745472 0.745472
2502.830566 0.000000 1866.974487 0.000000 0.416687 0.000000 -0.909050 0.923058 0.923058 0.923058
2505.937012 0.000000 1866.743164 0.000000 0.182533 0.000000 0.983200 0.611597 0.611597 0.611597
2496.958740 0.000000 1866.274536 0.000000 0.580077 0.000000 0.814562 0.490085 0.490085 0.490085
2501.062500 0.000000 1868.391846 0.000000 0.130748 0.000000 -0.991416 1.024279 1.024279 1.024279
2501.313965 0.000000 1872.662354 0.000000 0.898338 0.000000 0.439305 0.713702 0.713702 0.713702
2498.712402 0.000000 1865.707275 0.000000 0.997406 0.000000 -0.071980 0.819712 0.819712 0.819712
2328.881348 0.000000 1926.743896 0.000000 0.746805 0.000000 0.665043 0.760767 0.760767 0.760767
2330.989258 0.000000 1926.111938 0.000000 0.681276 0.000000 0.732027 0.626126 0.626126 0.626126
2333.257812 0.000000 1929.213013 0.000000 0.625976 0.000000 0.779842 0.617791 0.617791 0.617791
2354.605225 0.000000 1942.964844 0.000000 0.872372 0.000000 0.488842 0.793879 0.793879 0.793879
2345.041748 0.000000 1946.228638 0.000000 0.839198 0.000000 0.543826 0.757509 0.757509 0.757509
2341.181152 0.000000 1950.856445 0.000000 0.992403 0.000000 -0.123031 0.813549 0.813549 0.813549
2366.826660 0.000000 1920.403198 0.000000 0.723757 0.000000 0.690055 0.728512 0.728512 0.728512
2341.927246 0.000000 1927.717529 0.000000 0.970079 0.000000 -0.242791 0.823021 0.823021 0.823021
2354.198486 0.000000 1928.187256 0.000000 0.988660 0.000000 0.150172 0.778323 0.778323 0.778323
2342.820557 0.000000 1944.960938 0.000000 0.836353 0.000000 -0.548191 1.035236 1.035236 1.035236
2358.485352 0.000000 1932.843628 0.000000 0.414457 0.000000 -0.910069 0.953011 0.953011 0.953011
2336.958740 0.000000 1930.274536 0.000000 0.921085 0.000000 -0.389363 0.851122 0.851122 0.851122
2355.187256 0.000000 1930.143555 0.000000 0.977326 0.000000 -0.211740 0.839629 0.839629 0.839629
2361.803223 0.000000 1921.642578 0.000000 0.997905 0.000000 0.064701 0.778663 0.778663 0.778663
2356.605225 0.000000 1937.452393 0.000000 0.921540 0.000000 -0.388285 0.869290 0.869290 0.869290
2363.545410 0.000000 1928.090576 0.000000 0.826255 0.000000 0.563296 0.691247 0.691247 0.691247
2360.985840 0.000000 1934.133301 0.000000 0.660213 0.000000 -0.751079 0.962916 0.962916 0.962916
2354.561035 0.000000 1934.499390 0.000000 0.978722 0.000000 0.205192 0.747994 0.747994 0.747994
2358.376709 0.000000 1922.117065 0.000000 0.664424 0.000000 -0.747356 1.003984 1.003984 1.003984
2359.844727 0.000000 1925.176880 0.000000 0.428797 0.000000 -0.903401 1.117554 1.117554 1.117554
2351.044678 0.000000 1939.861572 0.000000 0.127246 0.000000 -0.991871 1.076713 1.076713 1.076713
2342.020020 0.000000 1946.623779 0.000000 0.999285 0.000000 0.037809 0.780740 0.780740 0.780740
2342.806641 0.000000 1949.964111 0.000000 0.576955 0.000000 -0.816776 1.042438 1.042438 1.042438
2361.583740 0.000000 1925.075439 0.000000 0.250624 0.000000 0.968084 0.389517 0.389517 0.389517
2372.835938 0.000000 1925.125488 0.000000 0.489559 0.000000 -0.871970 0.833848 0.833848 0.833848
2370.932617 0.000000 1925.660889 0.000000 0.365288 0.000000 0.930894 0.455782 0.455782 0.455782
2371.270996 0.000000 1924.019043 0.000000 0.370911 0.000000 0.928668 0.457521 0.457521 0.457521
3124.771973 0.000000 1704.209351 0.000000 0.946280 0.000000 0.323348 0.782902 0.782902 0.782902
3123.964844 0.000000 1708.796021 0.000000 0.983848 0.000000 -0.179004 0.809705 0.809705 0.809705
3130.228027 0.000000 1708.555420 0.000000 0.339061 0.000000 -0.940764 1.301507 1.301507 1.301507
3125.446777 0.000000 1706.620972 0.000000 0.832500 0.000000 0.554024 0.714389 0.714389 0.714389
3129.373047 0.000000 1716.834229 0.000000 0.610415 0.000000 -0.792082 0.925987 0.925987 0.925987
3124.653320 0.000000 1711.088989 0.000000 0.977152 0.000000 -0.212542 0.836787 0.836787 0.836787
3117.204346 0.000000 1719.266479 0.000000 0.492770 0.000000 -0.870159 0.934921 0.934921 0.934921
3117.964355 0.000000 1722.016846 0.000000 0.064898 0.000000 -0.997892 1.016543 1.016543 1.016543
3119.287354 0.000000 1718.051514 0.000000 0.358448 0.000000 0.933550 0.602785 0.602785 0.602785
3121.991211 0.000000 1714.651855 0.000000 0.190658 0.000000 -0.981657 1.053379 1.053379 1.053379
3124.404541 0.000000 1717.760620 0.000000 0.190483 0.000000 0.981691 0.474972 0.474972 0.474972
3125.761719 0.000000 1716.190674 0.000000 0.946945 0.000000 0.321396 0.722887 0.722887 0.722887
3122.603516 0.000000 1717.108765 0.000000 0.340601 0.000000 -0.940208 1.071185 1.071185 1.071185
3131.785645 0.000000 1709.631348 0.000000 0.962547 0.000000 0.271114 0.687590 0.687590 0.687590
3130.002930 0.000000 1706.849609 0.000000 0.297748 0.000000 0.954644 0.308516 0.308516 0.308516
3125.941895 0.000000 1712.472168 0.000000 0.971830 0.000000 -0.235682 0.857972 0.857972 0.857972
3126.825195 0.000000 1786.234253 0.000000 0.919831 0.000000 -0.392316 0.812883 0.812883 0.812883
3115.363281 0.000000 1767.162964 0.000000 0.620738 0.000000 0.784018 0.726211 0.726211 0.726211
3127.974609 0.000000 1783.988403 0.000000 0.029050 0.000000 -0.999578 1.462034 1.462034 1.462034
3115.514160 0.000000 1769.306763 0.000000 0.977661 0.000000 0.210186 0.717949 0.717949 0.717949
3125.188232 0.000000 1785.717773 0.000000 0.751490 0.000000 -0.659745 1.011528 1.011528 1.011528
3128.453613 0.000000 1785.787109 0.000000 0.401762 0.000000 0.915744 0.485634 0.485634 0.485634
3112.430176 0.000000 1771.637329 0.000000 0.144495 0.000000 -0.989506 1.116089 1.116089 1.116089
3128.854248 0.000000 1782.473877 0.000000 0.999966 0.000000 -0.008279 0.801918 0.801918 0.801918
3114.195557 0.000000 1768.319580 0.000000 0.660220 0.000000 0.751072 0.470777 0.470777 0.470777
3195.829590 0.000000 1756.882324 0.000000 0.935570 0.000000 0.353142 0.763957 0.763957 0.763957
3177.813721 0.000000 1779.114990 0.000000 0.346321 0.000000 0.938116 0.180110 0.180110 0.180110
3175.521973 0.000000 1780.382935 0.000000 0.649487 0.000000 0.760372 0.686124 0.686124 0.686124
3177.967041 0.000000 1777.065552 0.000000 0.999801 0.000000 -0.019950 0.808687 0.808687 0.808687
3176.032227 0.000000 1778.350952 0.000000 0.099449 0.000000 -0.995043 1.549267 1.549267 1.549267
3258.228027 0.000000 1708.555420 0.000000 0.076369 0.000000 -0.997080 0.940275 0.940275 0.940275
3261.393799 0.000000 1711.808228 0.000000 0.946662 0.000000 0.322230 0.757408 0.757408 0.757408
3263.356689 0.000000 1708.235718 0.000000 0.551292 0.000000 0.834313 0.616693 0.616693 0.616693
3264.750488 0.000000 1671.931519 0.000000 0.965472 0.000000 -0.260509 0.800526 0.800526 0.800526
3276.507324 0.000000 1675.169922 0.000000 0.983662 0.000000 0.180025 0.790962 0.790962 0.790962
3270.714355 0.000000 1692.230957 0.000000 0.625572 0.000000 0.780166 0.758890 0.758890 0.758890
3270.820557 0.000000 1688.960938 0.000000 0.246376 0.000000 -0.969174 0.982164 0.982164 0.982164
3270.105713 0.000000 1686.550537 0.000000 0.999379 0.000000 -0.035231 0.810909 0.810909 0.810909
3269.716797 0.000000 1684.723511 0.000000 0.912952 0.000000 0.408067 0.696740 0.696740 0.696740
3266.780518 0.000000 1725.285156 0.000000 0.515771 0.000000 0.856727 0.787670 0.787670 0.787670
3265.156250 0.000000 1700.733643 0.000000 0.026166 0.000000 0.999658 0.658091 0.658091 0.658091
3269.927246 0.000000 1703.717529 0.000000 0.775535 0.000000 0.631305 0.730406 0.730406 0.730406
3264.958740 0.000000 1706.274536 0.000000 0.235611 0.000000 -0.971847 1.044924 1.044924 1.044924
3271.521973 0.000000 1716.382935 0.000000 0.688349 0.000000 0.725379 0.688156 0.688156 0.688156
3270.105713 0.000000 1718.550537 0.000000 0.930994 0.000000 0.365035 0.669396 0.669396 0.669396
3298.780518 0.000000 1725.285156 0.000000 0.529817 0.000000 -0.848112 0.816176 0.816176 0.816176
3298.786865 0.000000 1727.978394 0.000000 0.999811 0.000000 -0.019443 0.802291 0.802291 0.802291
3296.958740 0.000000 1706.274536 0.000000 0.149146 0.000000 -0.988815 1.015708 1.015708 1.015708
3309.204346 0.000000 1719.266479 0.000000 0.045982 0.000000 0.998942 0.577687 0.577687 0.577687
3307.396973 0.000000 1716.324585 0.000000 0.979573 0.000000 0.201091 0.713462 0.713462 0.713462
3241.272949 0.000000 1734.693604 0.000000 0.665710 0.000000 -0.746211 1.070863 1.070863 1.070863
3239.581543 0.000000 1735.327881 0.000000 0.210492 0.000000 -0.977596 1.226048 1.226048 1.226048
3236.523193 0.000000 1734.759521 0.000000 0.905617 0.000000 -0.424096 0.905841 0.905841 0.905841
3252.771973 0.000000 1768.209351 0.000000 0.948611 0.000000 0.316446 0.780708 0.780708 0.780708
3249.761963 0.000000 1765.575317 0.000000 0.859809 0.000000 0.510616 0.774312 0.774312 0.774312
3261.834961 0.000000 1763.189209 0.000000 0.746416 0.000000 -0.665480 0.855262 0.855262 0.855262
3263.139160 0.000000 1767.961670 0.000000 0.457449 0.000000 0.889236 0.640253 0.640253 0.640253
3251.970703 0.000000 1766.099609 0.000000 0.588339 0.000000 -0.808614 0.969289 0.969289 0.969289
3258.989258 0.000000 1766.111938 0.000000 0.536990 0.000000 0.843588 0.342839 0.342839 0.342839
3260.344727 0.000000 1764.531372 0.000000 0.066339 0.000000 -0.997797 1.253704 1.253704 1.253704
3297.156250 0.000000 1732.733643 0.000000 0.814459 0.000000 0.580221 0.744367 0.744367 0.744367
3302.086182 0.000000 1730.963989 0.000000 0.963542 0.000000 0.267557 0.768083 0.768083 0.768083
3298.060547 0.000000 1728.627319 0.000000 0.825560 0.000000 0.564314 0.626355 0.626355 0.626355
3303.702393 0.000000 1728.050537 0.000000 0.729459 0.000000 -0.684024 1.036199 1.036199 1.036199
3299.888672 0.000000 1728.005737 0.000000 0.958166 0.000000 -0.286214 0.884063 0.884063 0.884063
3300.938232 0.000000 1729.883423 0.000000 0.617926 0.000000 -0.786237 1.260757 1.260757 1.260757
3269.689209 0.000000 1760.395264 0.000000 0.654545 0.000000 0.756023 0.791440 0.791440 0.791440
3273.818604 0.000000 1764.514404 0.000000 0.033198 0.000000 0.999449 0.723227 0.723227 0.723227
3271.368408 0.000000 1765.585327 0.000000 0.848388 0.000000 -0.529375 0.874651 0.874651 0.874651
3351.974609 0.000000 1783.988403 0.000000 0.267438 0.000000 0.963575 0.664980 0.664980 0.664980
3353.373047 0.000000 1780.834229 0.000000 0.271095 0.000000 0.962553 0.655019 0.655019 0.655019
3356.687012 0.000000 1783.710327 0.000000 0.465908 0.000000 0.884833 0.648151 0.648151 0.648151
3355.794434 0.000000 1781.787598 0.000000 0.772803 0.000000 0.634646 0.643455 0.643455 0.643455
3352.453613 0.000000 1785.787109 0.000000 0.000835 0.000000 1.000000 0.420594 0.420594 0.420594
3352.854248 0.000000 1782.473877 0.000000 0.413221 0.000000 -0.910631 1.074375 1.074375 1.074375
3452.349609 0.000000 1747.803589 0.000000 0.284897 0.000000 -0.958558 0.922892 0.922892 0.922892
3455.156982 0.000000 1748.075439 0.000000 0.126303 0.000000 -0.991992 1.033630 1.033630 1.033630
3456.165527 0.000000 1747.417603 0.000000 0.121697 0.000000 -0.992567 1.092253 1.092253 1.092253
3139.392090 0.000000 1794.345947 0.000000 0.837276 0.000000 0.546780 0.746850 0.746850 0.746850
3144.295410 0.000000 1793.879517 0.000000 0.533763 0.000000 -0.845634 0.904662 0.904662 0.904662
3159.880127 0.000000 1795.297852 0.000000 0.998255 0.000000 -0.059046 0.807906 0.807906 0.807906
3154.198486 0.000000 1800.187256 0.000000 0.560514 0.000000 0.828145 0.686965 0.686965 0.686965
3155.970703 0.000000 1798.099609 0.000000 0.219516 0.000000 0.975609 0.600553 0.600553 0.600553
3143.702393 0.000000 1792.050537 0.000000 0.822618 0.000000 0.568595 0.655049 0.655049 0.655049
"}
