object={
	name="tree_pine_01_b_generator_1_0"
	clamp_to_water_level=no
	render_under_water=no
	generated_content=yes
	layer="tree_high_layer"
	pdxmesh="tree_pine_01_b_mesh"
	count=12
	transform="3296.750488 0.000000 1735.931519 0.000000 0.899085 0.000000 0.437775 0.400000 0.400000 0.400000
3300.083496 0.000000 1742.666748 0.000000 0.157208 0.000000 0.987565 0.400000 0.400000 0.400000
3320.881348 0.000000 1734.743896 0.000000 0.999856 0.000000 0.016962 0.400000 0.400000 0.400000
3300.398926 0.000000 1738.167725 0.000000 0.768379 0.000000 0.639995 0.400000 0.400000 0.400000
3319.776611 0.000000 1728.715942 0.000000 0.700059 0.000000 -0.714085 0.400000 0.400000 0.400000
3322.444336 0.000000 1731.654053 0.000000 0.139563 0.000000 -0.990213 0.400000 0.400000 0.400000
3296.750488 0.000000 1767.931519 0.000000 0.994742 0.000000 0.102414 0.400000 0.400000 0.400000
3316.161865 0.000000 1790.979736 0.000000 0.802256 0.000000 -0.596980 0.400000 0.400000 0.400000
3300.083496 0.000000 1774.666748 0.000000 0.909577 0.000000 0.415536 0.400000 0.400000 0.400000
3301.686523 0.000000 1778.909302 0.000000 0.959180 0.000000 -0.282795 0.400000 0.400000 0.400000
3320.881348 0.000000 1766.743896 0.000000 0.945431 0.000000 0.325823 0.400000 0.400000 0.400000
3312.836182 0.000000 1780.439819 0.000000 0.488680 0.000000 0.872463 0.400000 0.400000 0.400000
"}
