object={
	name="tree_pine_impassable_01_a_generator_1_0"
	clamp_to_water_level=no
	render_under_water=no
	generated_content=yes
	layer="tree_high_layer"
	pdxmesh="tree_pine_impassable_01_a_mesh"
	count=3
	transform="3421.637451 0.000000 1709.300781 0.000000 0.109607 0.000000 -0.993975 0.400000 0.400000 0.400000
3442.674805 0.000000 1712.570068 0.000000 0.524810 0.000000 0.851220 0.400000 0.400000 0.400000
3444.771973 0.000000 1704.209351 0.000000 0.843251 0.000000 0.537521 0.400000 0.400000 0.400000
"}
