object={
	name="tree_leaf_high_generator_3_0"
	clamp_to_water_level=no
	render_under_water=no
	generated_content=yes
	layer="tree_high_layer"
	pdxmesh="tree_leaf_01_c_mesh"
	count=656
	transform="1834.484253 0.000000 1949.530396 0.000000 0.599938 0.000000 -0.800047 0.809446 0.809446 0.809446
1826.780640 0.000000 1949.285156 0.000000 0.650568 0.000000 -0.759448 0.823771 0.823771 0.823771
1832.221313 0.000000 1942.684937 0.000000 0.983102 0.000000 0.183059 0.790845 0.790845 0.790845
1828.280762 0.000000 1944.940430 0.000000 0.935483 0.000000 0.353373 0.775763 0.775763 0.775763
1835.836914 0.000000 1945.214233 0.000000 0.247816 0.000000 0.968807 0.719305 0.719305 0.719305
1829.689209 0.000000 1952.395264 0.000000 0.266788 0.000000 0.963755 0.648024 0.648024 0.648024
1834.786499 0.000000 1952.178833 0.000000 0.999209 0.000000 -0.039766 0.801811 0.801811 0.801811
1832.295288 0.000000 1953.879517 0.000000 0.808560 0.000000 -0.588413 0.867472 0.867472 0.867472
1856.750488 0.000000 1927.931519 0.000000 0.498173 0.000000 -0.867078 0.867272 0.867272 0.867272
1884.322632 0.000000 1946.183716 0.000000 0.170632 0.000000 0.985335 0.740471 0.740471 0.740471
1867.488159 0.000000 1935.720581 0.000000 0.134613 0.000000 0.990898 0.742362 0.742362 0.742362
1874.605103 0.000000 1942.964844 0.000000 0.811834 0.000000 0.583889 0.781321 0.781321 0.781321
1864.532104 0.000000 1928.712158 0.000000 0.966032 0.000000 -0.258424 0.834143 0.834143 0.834143
1860.083618 0.000000 1934.666748 0.000000 0.935021 0.000000 0.354593 0.781756 0.781756 0.781756
1869.486572 0.000000 1940.908325 0.000000 0.077426 0.000000 0.996998 0.612105 0.612105 0.612105
1878.825195 0.000000 1946.234253 0.000000 0.229716 0.000000 -0.973258 0.822464 0.822464 0.822464
1860.835938 0.000000 1925.125488 0.000000 0.280843 0.000000 0.959754 0.741434 0.741434 0.741434
1856.114624 0.000000 1932.443359 0.000000 0.694374 0.000000 -0.719615 0.915508 0.915508 0.915508
1878.946167 0.000000 1941.656006 0.000000 0.894943 0.000000 -0.446180 0.842675 0.842675 0.842675
1864.103760 0.000000 1933.298096 0.000000 0.508316 0.000000 0.861171 0.741562 0.741562 0.741562
1860.398926 0.000000 1930.167725 0.000000 0.981964 0.000000 0.189070 0.792592 0.792592 0.792592
1882.338989 0.000000 1943.165649 0.000000 0.585828 0.000000 -0.810435 0.870769 0.870769 0.870769
1875.926636 0.000000 1939.724976 0.000000 0.754694 0.000000 0.656077 0.724965 0.724965 0.724965
1863.792358 0.000000 1936.479248 0.000000 0.920429 0.000000 -0.390910 0.831042 0.831042 0.831042
1881.589844 0.000000 1947.289551 0.000000 0.943591 0.000000 -0.331114 0.831949 0.831949 0.831949
1878.474854 0.000000 1949.118042 0.000000 0.939051 0.000000 -0.343778 0.825233 0.825233 0.825233
1861.927368 0.000000 1927.717529 0.000000 0.239662 0.000000 -0.970856 0.917036 0.917036 0.917036
1877.305664 0.000000 1943.923584 0.000000 0.579879 0.000000 -0.814703 0.864471 0.864471 0.864471
1866.484253 0.000000 1981.530396 0.000000 0.390391 0.000000 -0.920649 0.832240 0.832240 0.832240
1883.529053 0.000000 1952.375977 0.000000 0.577051 0.000000 0.816708 0.776523 0.776523 0.776523
1876.161865 0.000000 1982.979736 0.000000 0.995579 0.000000 -0.093933 0.805355 0.805355 0.805355
1869.486572 0.000000 1972.908325 0.000000 0.990036 0.000000 -0.140813 0.802624 0.802624 0.802624
1871.659546 0.000000 1979.973877 0.000000 0.874563 0.000000 -0.484911 0.808797 0.808797 0.808797
1881.182861 0.000000 1982.203613 0.000000 0.008813 0.000000 -0.999961 0.870192 0.870192 0.870192
1867.836914 0.000000 1977.214233 0.000000 0.959861 0.000000 0.280477 0.765762 0.765762 0.765762
1865.041626 0.000000 1978.228638 0.000000 0.999720 0.000000 -0.023675 0.801561 0.801561 0.801561
1867.033813 0.000000 1974.317261 0.000000 0.970499 0.000000 0.241106 0.778844 0.778844 0.778844
1899.488159 0.000000 1967.720581 0.000000 0.527333 0.000000 -0.849659 0.845627 0.845627 0.845627
1892.083618 0.000000 1966.666748 0.000000 0.156815 0.000000 0.987628 0.679750 0.679750 0.679750
1893.686646 0.000000 1970.909302 0.000000 0.432378 0.000000 0.901692 0.729307 0.729307 0.729307
1896.103760 0.000000 1965.298096 0.000000 0.287759 0.000000 -0.957703 0.854406 0.854406 0.854406
1903.467041 0.000000 1966.134033 0.000000 0.291743 0.000000 -0.956497 0.857284 0.857284 0.857284
1897.813721 0.000000 1971.114990 0.000000 0.084403 0.000000 -0.996432 0.866791 0.866791 0.866791
1903.359985 0.000000 1969.909424 0.000000 0.977489 0.000000 0.210988 0.790447 0.790447 0.790447
1895.792358 0.000000 1968.479248 0.000000 0.698199 0.000000 -0.715904 0.867889 0.867889 0.867889
1890.626221 0.000000 1971.021362 0.000000 0.377265 0.000000 -0.926105 0.880871 0.880871 0.880871
1880.140869 0.000000 1994.975464 0.000000 0.520181 0.000000 -0.854056 0.831283 0.831283 0.831283
1870.183472 0.000000 1987.834839 0.000000 0.180566 0.000000 0.983563 0.721755 0.721755 0.721755
1883.529053 0.000000 1984.375977 0.000000 0.523772 0.000000 0.851859 0.755407 0.755407 0.755407
1877.493896 0.000000 1987.975830 0.000000 0.631662 0.000000 0.775244 0.756946 0.756946 0.756946
1872.895020 0.000000 1994.459717 0.000000 0.479124 0.000000 0.877747 0.785881 0.785881 0.785881
1885.208130 0.000000 1990.763794 0.000000 0.999321 0.000000 0.036837 0.798344 0.798344 0.798344
1866.786499 0.000000 1984.178833 0.000000 0.990843 0.000000 0.135018 0.796592 0.796592 0.796592
1880.881348 0.000000 1990.743896 0.000000 0.402302 0.000000 0.915507 0.660687 0.660687 0.660687
1876.771973 0.000000 1992.209351 0.000000 0.252046 0.000000 -0.967715 0.848099 0.848099 0.848099
1873.761963 0.000000 1989.575317 0.000000 0.158981 0.000000 0.987282 0.707839 0.707839 0.707839
1870.386230 0.000000 1991.658569 0.000000 0.722074 0.000000 -0.691815 0.834333 0.834333 0.834333
1879.776733 0.000000 1984.715942 0.000000 0.494466 0.000000 0.869197 0.718566 0.718566 0.718566
1882.444336 0.000000 1987.654053 0.000000 0.454148 0.000000 0.890926 0.728858 0.728858 0.728858
1879.880127 0.000000 1987.297852 0.000000 0.997862 0.000000 0.065352 0.795063 0.795063 0.795063
1888.750488 0.000000 1991.931519 0.000000 0.541177 0.000000 0.840908 0.778452 0.778452 0.778452
1949.637573 0.000000 1965.300781 0.000000 0.710412 0.000000 0.703786 0.778482 0.778482 0.778482
1950.231689 0.000000 1973.910522 0.000000 0.801613 0.000000 -0.597843 0.818430 0.818430 0.818430
1950.637939 0.000000 1970.081055 0.000000 0.377921 0.000000 0.925838 0.748245 0.748245 0.748245
1950.717896 0.000000 1962.415527 0.000000 0.368440 0.000000 -0.929651 0.858637 0.858637 0.858637
1966.183472 0.000000 1955.834839 0.000000 0.006908 0.000000 0.999976 0.729722 0.729722 0.729722
1952.987427 0.000000 1973.511475 0.000000 0.631853 0.000000 0.775088 0.760147 0.760147 0.760147
1973.493896 0.000000 1955.975830 0.000000 0.683996 0.000000 -0.729485 0.836740 0.836740 0.836740
1981.208130 0.000000 1958.763794 0.000000 0.957176 0.000000 -0.289507 0.833965 0.833965 0.833965
1969.748535 0.000000 1952.283081 0.000000 0.999368 0.000000 0.035542 0.798402 0.798402 0.798402
1957.686646 0.000000 1970.909302 0.000000 0.999261 0.000000 0.038438 0.798203 0.798203 0.798203
1952.114624 0.000000 1964.443359 0.000000 0.987839 0.000000 0.155477 0.787840 0.787840 0.787840
1952.356323 0.000000 1969.087769 0.000000 0.850905 0.000000 0.525319 0.753273 0.753273 0.753273
1976.881348 0.000000 1958.743896 0.000000 0.842218 0.000000 0.539137 0.734835 0.734835 0.734835
1972.771973 0.000000 1960.209351 0.000000 0.288147 0.000000 -0.957586 0.843665 0.843665 0.843665
1969.761963 0.000000 1957.575317 0.000000 0.811800 0.000000 -0.583936 0.828022 0.828022 0.828022
1956.128540 0.000000 1973.752075 0.000000 0.058040 0.000000 -0.998314 0.900608 0.900608 0.900608
1953.512939 0.000000 1966.743652 0.000000 0.890562 0.000000 0.454861 0.759540 0.759540 0.759540
1994.484253 0.000000 1949.530396 0.000000 0.967993 0.000000 -0.250976 0.804104 0.804104 0.804104
2012.322632 0.000000 1946.183716 0.000000 0.928035 0.000000 0.372494 0.773471 0.773471 0.773471
1995.488159 0.000000 1935.720581 0.000000 0.072826 0.000000 0.997345 0.747047 0.747047 0.747047
2002.605103 0.000000 1942.964844 0.000000 0.968853 0.000000 -0.247636 0.811245 0.811245 0.811245
1992.221313 0.000000 1942.684937 0.000000 0.427110 0.000000 0.904200 0.747889 0.747889 0.747889
1997.486572 0.000000 1940.908325 0.000000 0.980730 0.000000 0.195370 0.794463 0.794463 0.794463
1999.659546 0.000000 1947.973877 0.000000 0.175422 0.000000 0.984493 0.721461 0.721461 0.721461
2014.278442 0.000000 1950.367676 0.000000 0.088017 0.000000 -0.996119 0.895056 0.895056 0.895056
1995.836914 0.000000 1945.214233 0.000000 0.260211 0.000000 -0.965552 0.861893 0.861893 0.861893
1993.813721 0.000000 1939.114990 0.000000 0.904678 0.000000 0.426096 0.769934 0.769934 0.769934
1999.359985 0.000000 1937.909424 0.000000 0.818595 0.000000 0.574372 0.773239 0.773239 0.773239
1999.351562 0.000000 1944.339844 0.000000 0.997461 0.000000 0.071221 0.795772 0.795772 0.795772
1991.792358 0.000000 1936.479248 0.000000 0.667072 0.000000 -0.744994 0.857413 0.857413 0.857413
1996.854004 0.000000 1947.902832 0.000000 0.829363 0.000000 -0.558710 0.847242 0.847242 0.847242
1995.033813 0.000000 1942.317261 0.000000 0.355810 0.000000 0.934558 0.705260 0.705260 0.705260
2044.322632 0.000000 1946.183716 0.000000 0.704013 0.000000 -0.710188 0.835490 0.835490 0.835490
2018.780640 0.000000 1949.285156 0.000000 0.817255 0.000000 -0.576277 0.829807 0.829807 0.829807
2038.825195 0.000000 1946.234253 0.000000 0.951693 0.000000 0.307052 0.791959 0.791959 0.791959
2046.278442 0.000000 1950.367676 0.000000 0.903431 0.000000 -0.428735 0.831593 0.831593 0.831593
2041.182861 0.000000 1950.203613 0.000000 0.819146 0.000000 0.573585 0.772549 0.772549 0.772549
2020.280762 0.000000 1944.940430 0.000000 0.710831 0.000000 0.703363 0.764943 0.764943 0.764943
2016.249878 0.000000 1945.564819 0.000000 0.512043 0.000000 -0.858960 0.848289 0.848289 0.848289
2016.050293 0.000000 1950.543213 0.000000 0.468945 0.000000 -0.883227 0.879144 0.879144 0.879144
2018.786743 0.000000 1951.978394 0.000000 0.649715 0.000000 0.760178 0.736873 0.736873 0.736873
2016.467285 0.000000 1948.073120 0.000000 0.571643 0.000000 0.820503 0.727351 0.727351 0.727351
2043.529053 0.000000 1952.375977 0.000000 0.236886 0.000000 0.971537 0.769681 0.769681 0.769681
2021.689209 0.000000 1952.395264 0.000000 0.690412 0.000000 0.723417 0.768018 0.768018 0.768018
2036.161865 0.000000 1982.979736 0.000000 0.640690 0.000000 -0.767800 0.932702 0.932702 0.932702
2045.208130 0.000000 1958.763794 0.000000 0.719846 0.000000 0.694133 0.787129 0.787129 0.787129
2016.183716 0.000000 1953.648682 0.000000 0.952150 0.000000 0.305631 0.777109 0.777109 0.777109
2038.825195 0.000000 1978.234253 0.000000 0.998289 0.000000 0.058469 0.797581 0.797581 0.797581
2041.182861 0.000000 1982.203613 0.000000 0.729900 0.000000 -0.683554 0.855467 0.855467 0.855467
2039.776733 0.000000 1952.715942 0.000000 0.572489 0.000000 -0.819913 0.843197 0.843197 0.843197
2045.835083 0.000000 1955.189209 0.000000 0.879236 0.000000 -0.476387 0.822313 0.822313 0.822313
2042.444336 0.000000 1955.654053 0.000000 0.998833 0.000000 0.048288 0.796903 0.796903 0.796903
2035.478882 0.000000 1978.200806 0.000000 0.097081 0.000000 0.995277 0.724952 0.724952 0.724952
2017.156372 0.000000 1956.733643 0.000000 0.665302 0.000000 -0.746575 0.837878 0.837878 0.837878
2019.392212 0.000000 1954.345947 0.000000 0.890663 0.000000 0.454664 0.758145 0.758145 0.758145
2038.474854 0.000000 1981.118042 0.000000 0.914410 0.000000 0.404789 0.762544 0.762544 0.762544
2046.826660 0.000000 1952.403198 0.000000 0.096086 0.000000 0.995373 0.699279 0.699279 0.699279
2034.547852 0.000000 1980.525391 0.000000 0.026312 0.000000 0.999654 0.688025 0.688025 0.688025
1980.322632 0.000000 2010.183716 0.000000 0.221020 0.000000 -0.975269 0.816961 0.816961 0.816961
1972.161865 0.000000 2014.979736 0.000000 0.778509 0.000000 0.627633 0.736986 0.736986 0.736986
1970.674805 0.000000 2000.570068 0.000000 0.987095 0.000000 -0.160134 0.808962 0.808962 0.808962
1974.825195 0.000000 2010.234253 0.000000 0.468287 0.000000 -0.883577 0.880497 0.880497 0.880497
1977.182861 0.000000 2014.203613 0.000000 0.904341 0.000000 -0.426810 0.853635 0.853635 0.853635
1967.467041 0.000000 1998.134033 0.000000 0.949041 0.000000 -0.315152 0.826895 0.826895 0.826895
1967.359985 0.000000 2001.909424 0.000000 0.973696 0.000000 -0.227851 0.820660 0.820660 0.820660
1971.926636 0.000000 2003.724976 0.000000 0.423615 0.000000 -0.905842 0.926309 0.926309 0.926309
1977.589844 0.000000 2011.289551 0.000000 0.988892 0.000000 -0.148635 0.810012 0.810012 0.810012
1968.836182 0.000000 2004.439819 0.000000 0.760278 0.000000 0.649598 0.725862 0.725862 0.725862
1979.529053 0.000000 2016.375977 0.000000 0.947456 0.000000 -0.319887 0.833557 0.833557 0.833557
1975.776733 0.000000 2016.715942 0.000000 0.937163 0.000000 -0.348892 0.818791 0.818791 0.818791
1978.444336 0.000000 2019.654053 0.000000 0.085723 0.000000 -0.996319 0.917447 0.917447 0.917447
2012.322632 0.000000 2010.183716 0.000000 0.335799 0.000000 -0.941934 0.820608 0.820608 0.820608
1995.488159 0.000000 1999.720581 0.000000 0.976552 0.000000 0.215280 0.781929 0.781929 0.781929
1998.183472 0.000000 1987.834839 0.000000 0.974511 0.000000 0.224341 0.799051 0.799051 0.799051
2002.605103 0.000000 2006.964844 0.000000 0.465684 0.000000 0.884951 0.702360 0.702360 0.702360
2009.850586 0.000000 2002.422363 0.000000 0.942722 0.000000 0.333578 0.794906 0.794906 0.794906
2004.161865 0.000000 2014.979736 0.000000 0.223139 0.000000 -0.974787 1.005617 1.005617 1.005617
1992.532104 0.000000 1992.712158 0.000000 0.497436 0.000000 -0.867500 0.883687 0.883687 0.883687
2005.493896 0.000000 1987.975830 0.000000 0.377377 0.000000 -0.926060 0.826245 0.826245 0.826245
2000.895020 0.000000 1994.459717 0.000000 0.161768 0.000000 0.986829 0.674271 0.674271 0.674271
2002.674805 0.000000 2000.570068 0.000000 0.937341 0.000000 -0.348413 0.838169 0.838169 0.838169
1999.659546 0.000000 2011.973877 0.000000 0.749889 0.000000 0.661564 0.767514 0.767514 0.767514
2006.825195 0.000000 2010.234253 0.000000 0.671817 0.000000 0.740717 0.675552 0.675552 0.675552
2009.182861 0.000000 2014.203613 0.000000 0.818997 0.000000 -0.573797 0.872136 0.872136 0.872136
1996.507324 0.000000 1995.169922 0.000000 0.859456 0.000000 0.511210 0.752416 0.752416 0.752416
2006.946167 0.000000 2005.656006 0.000000 0.975208 0.000000 0.221292 0.788903 0.788903 0.788903
2007.070435 0.000000 1999.147827 0.000000 0.947747 0.000000 -0.319023 0.814591 0.814591 0.814591
2001.761963 0.000000 1989.575317 0.000000 0.267128 0.000000 0.963661 0.634819 0.634819 0.634819
2003.964966 0.000000 1996.796021 0.000000 0.981457 0.000000 -0.191684 0.817913 0.817913 0.817913
1998.386230 0.000000 1991.658569 0.000000 0.961647 0.000000 0.274290 0.774029 0.774029 0.774029
2014.637939 0.000000 2002.081055 0.000000 0.581860 0.000000 0.813289 0.695858 0.695858 0.695858
2010.338989 0.000000 2007.165649 0.000000 0.647771 0.000000 0.761835 0.703472 0.703472 0.703472
1998.252075 0.000000 2015.496216 0.000000 0.142528 0.000000 0.989791 0.723006 0.723006 0.723006
1999.359985 0.000000 2001.909424 0.000000 0.999746 0.000000 0.022541 0.797636 0.797636 0.797636
1999.351562 0.000000 2008.339844 0.000000 0.970616 0.000000 -0.240635 0.811503 0.811503 0.811503
2003.926636 0.000000 2003.724976 0.000000 0.203276 0.000000 -0.979121 0.908045 0.908045 0.908045
2003.478882 0.000000 2010.200806 0.000000 0.978407 0.000000 -0.206686 0.819459 0.819459 0.819459
2006.609375 0.000000 2002.199951 0.000000 0.992280 0.000000 0.124019 0.790464 0.790464 0.790464
2000.836182 0.000000 2004.439819 0.000000 0.376570 0.000000 0.926388 0.681457 0.681457 0.681457
2005.305664 0.000000 2007.923584 0.000000 0.592998 0.000000 -0.805204 0.875152 0.875152 0.875152
1990.830688 0.000000 1994.974487 0.000000 0.760446 0.000000 0.649401 0.743676 0.743676 0.743676
2007.974609 0.000000 2007.988403 0.000000 0.640509 0.000000 -0.767951 0.861909 0.861909 0.861909
2040.140869 0.000000 1994.975464 0.000000 0.764605 0.000000 -0.644499 0.812170 0.812170 0.812170
2044.322632 0.000000 2010.183716 0.000000 0.589157 0.000000 0.808018 0.749268 0.749268 0.749268
2030.183472 0.000000 1987.834839 0.000000 0.635751 0.000000 0.771894 0.787848 0.787848 0.787848
2043.529053 0.000000 1984.375977 0.000000 0.422245 0.000000 0.906482 0.749001 0.749001 0.749001
2041.850586 0.000000 2002.422363 0.000000 0.805996 0.000000 -0.591921 0.807970 0.807970 0.807970
2036.161865 0.000000 2014.979736 0.000000 0.407788 0.000000 0.913077 0.775178 0.775178 0.775178
2037.493896 0.000000 1987.975830 0.000000 0.066957 0.000000 -0.997756 0.855864 0.855864 0.855864
2032.895020 0.000000 1994.459717 0.000000 0.861976 0.000000 0.506949 0.769738 0.769738 0.769738
2045.208130 0.000000 1990.763794 0.000000 0.997422 0.000000 0.071757 0.789027 0.789027 0.789027
2045.637573 0.000000 1997.300781 0.000000 0.189790 0.000000 0.981825 0.656970 0.656970 0.656970
2033.748535 0.000000 1984.283081 0.000000 0.915650 0.000000 0.401976 0.783889 0.783889 0.783889
2046.278442 0.000000 2014.367676 0.000000 0.767732 0.000000 -0.640771 0.823753 0.823753 0.823753
2040.881348 0.000000 1990.743896 0.000000 0.098679 0.000000 0.995119 0.734735 0.734735 0.734735
2036.771973 0.000000 1992.209351 0.000000 0.313420 0.000000 -0.949614 0.835258 0.835258 0.835258
2033.761963 0.000000 1989.575317 0.000000 0.613284 0.000000 0.789863 0.750896 0.750896 0.750896
2039.776733 0.000000 1984.715942 0.000000 0.940614 0.000000 0.339479 0.786095 0.786095 0.786095
2043.688354 0.000000 1994.264893 0.000000 0.747982 0.000000 0.663719 0.735640 0.735640 0.735640
2036.718628 0.000000 1985.037598 0.000000 0.999570 0.000000 0.029330 0.798453 0.798453 0.798453
2018.626221 0.000000 2003.021362 0.000000 0.131312 0.000000 0.991341 0.706875 0.706875 0.706875
1998.183472 0.000000 2019.834839 0.000000 0.497944 0.000000 0.867209 0.673597 0.673597 0.673597
1992.532104 0.000000 2024.712158 0.000000 0.785825 0.000000 0.618449 0.774831 0.774831 0.774831
2005.493896 0.000000 2019.975830 0.000000 0.781933 0.000000 -0.623362 0.807662 0.807662 0.807662
1993.818604 0.000000 2020.514404 0.000000 0.883358 0.000000 -0.468698 0.833905 0.833905 0.833905
2001.761963 0.000000 2021.575317 0.000000 0.030588 0.000000 0.999532 0.738169 0.738169 0.738169
2007.776733 0.000000 2016.715942 0.000000 0.980294 0.000000 0.197543 0.782724 0.782724 0.782724
1995.363281 0.000000 2023.162964 0.000000 0.007360 0.000000 0.999973 0.659485 0.659485 0.659485
1998.752319 0.000000 2016.863770 0.000000 0.824949 0.000000 0.565207 0.747813 0.747813 0.747813
2004.718628 0.000000 2017.037598 0.000000 0.976034 0.000000 0.217616 0.776209 0.776209 0.776209
1995.740234 0.000000 2018.653809 0.000000 0.785430 0.000000 -0.618950 0.848387 0.848387 0.848387
2388.771973 0.000000 1608.209351 0.000000 0.667172 0.000000 -0.744904 0.827191 0.827191 0.827191
2174.231689 0.000000 1909.910522 0.000000 0.644787 0.000000 -0.764362 0.838056 0.838056 0.838056
2174.637939 0.000000 1906.081055 0.000000 0.560459 0.000000 -0.828182 0.846776 0.846776 0.846776
2172.349609 0.000000 1907.803589 0.000000 0.464939 0.000000 0.885343 0.725736 0.725736 0.725736
2233.182861 0.000000 1886.203613 0.000000 0.379063 0.000000 0.925371 0.775212 0.775212 0.775212
2186.484375 0.000000 1917.530396 0.000000 0.064290 0.000000 -0.997931 0.805416 0.805416 0.805416
2204.322754 0.000000 1914.183716 0.000000 0.997135 0.000000 0.075648 0.799410 0.799410 0.799410
2176.987305 0.000000 1909.511475 0.000000 0.315085 0.000000 0.949064 0.780523 0.780523 0.780523
2196.161865 0.000000 1918.979736 0.000000 0.996820 0.000000 0.079682 0.798901 0.798901 0.798901
2180.083496 0.000000 1902.666748 0.000000 0.967503 0.000000 -0.252861 0.803982 0.803982 0.803982
2198.825195 0.000000 1914.234253 0.000000 0.876925 0.000000 0.480627 0.791589 0.791589 0.791589
2201.182861 0.000000 1918.203613 0.000000 0.968040 0.000000 0.250797 0.793772 0.793772 0.793772
2181.686523 0.000000 1906.909302 0.000000 0.023921 0.000000 0.999714 0.730487 0.730487 0.730487
2180.280762 0.000000 1912.940430 0.000000 0.997006 0.000000 -0.077325 0.805983 0.805983 0.805983
2176.356445 0.000000 1905.087769 0.000000 0.985321 0.000000 0.170709 0.793833 0.793833 0.793833
2176.249756 0.000000 1913.564819 0.000000 0.712686 0.000000 -0.701483 0.824224 0.824224 0.824224
2190.252197 0.000000 1919.496216 0.000000 0.866619 0.000000 0.498970 0.752422 0.752422 0.752422
2193.125977 0.000000 1918.585815 0.000000 0.823186 0.000000 0.567772 0.738498 0.738498 0.738498
2218.484375 0.000000 1917.530396 0.000000 0.901534 0.000000 -0.432708 0.802949 0.802949 0.802949
2236.322754 0.000000 1914.183716 0.000000 0.640353 0.000000 0.768081 0.796851 0.796851 0.796851
2222.183594 0.000000 1891.834839 0.000000 0.995059 0.000000 -0.099283 0.805661 0.805661 0.805661
2235.529053 0.000000 1888.375977 0.000000 0.901293 0.000000 -0.433210 0.820403 0.820403 0.820403
2226.605225 0.000000 1910.964844 0.000000 0.686473 0.000000 -0.727155 0.806342 0.806342 0.806342
2233.850586 0.000000 1906.422363 0.000000 0.895797 0.000000 -0.444463 0.804139 0.804139 0.804139
2224.895020 0.000000 1898.459717 0.000000 0.999587 0.000000 0.028744 0.799655 0.799655 0.799655
2237.208008 0.000000 1894.763794 0.000000 0.995245 0.000000 0.097407 0.791465 0.791465 0.791465
2223.659424 0.000000 1915.973877 0.000000 0.781175 0.000000 -0.624312 0.832723 0.832723 0.832723
2230.825195 0.000000 1914.234253 0.000000 0.194089 0.000000 -0.980984 0.882414 0.882414 0.882414
2225.748535 0.000000 1888.283081 0.000000 0.982051 0.000000 -0.188616 0.810005 0.810005 0.810005
2238.278320 0.000000 1918.367676 0.000000 0.063247 0.000000 -0.997998 0.844260 0.844260 0.844260
2233.182861 0.000000 1918.203613 0.000000 0.921073 0.000000 -0.389389 0.816296 0.816296 0.816296
2220.507324 0.000000 1899.169922 0.000000 0.998435 0.000000 0.055921 0.798626 0.798626 0.798626
2219.836914 0.000000 1913.214233 0.000000 0.755044 0.000000 0.655674 0.779434 0.779434 0.779434
2230.946289 0.000000 1909.656006 0.000000 0.309345 0.000000 0.950950 0.754083 0.754083 0.754083
2228.771973 0.000000 1896.209351 0.000000 0.744591 0.000000 0.667520 0.760587 0.760587 0.760587
2225.761963 0.000000 1893.575317 0.000000 0.625202 0.000000 0.780463 0.724353 0.724353 0.724353
2222.386230 0.000000 1895.658569 0.000000 0.084210 0.000000 0.996448 0.677980 0.677980 0.677980
2237.834961 0.000000 1891.189209 0.000000 0.784946 0.000000 -0.619564 0.840036 0.840036 0.840036
2223.351562 0.000000 1912.339844 0.000000 0.980993 0.000000 0.194041 0.792044 0.792044 0.792044
2234.444336 0.000000 1891.654053 0.000000 0.228732 0.000000 -0.973489 0.869853 0.869853 0.869853
2220.854004 0.000000 1915.902832 0.000000 0.158284 0.000000 -0.987394 0.885440 0.885440 0.885440
2240.750488 0.000000 1895.931519 0.000000 0.908681 0.000000 0.417491 0.764389 0.764389 0.764389
2240.987305 0.000000 1909.511475 0.000000 0.681644 0.000000 0.731684 0.780328 0.780328 0.780328
2242.780518 0.000000 1917.285156 0.000000 0.586394 0.000000 0.810026 0.711745 0.711745 0.711745
2244.280762 0.000000 1912.940430 0.000000 0.073098 0.000000 0.997325 0.693217 0.693217 0.693217
2240.114746 0.000000 1900.443359 0.000000 0.029329 0.000000 -0.999570 0.844333 0.844333 0.844333
2244.398926 0.000000 1898.167725 0.000000 0.092086 0.000000 0.995751 0.737099 0.737099 0.737099
2240.249756 0.000000 1913.564819 0.000000 0.536729 0.000000 -0.843755 0.831891 0.831891 0.831891
2241.156250 0.000000 1892.733643 0.000000 0.595348 0.000000 -0.803468 0.844727 0.844727 0.844727
2240.467285 0.000000 1916.073120 0.000000 0.155532 0.000000 -0.987831 0.914427 0.914427 0.914427
2076.322754 0.000000 1946.183716 0.000000 0.698344 0.000000 0.715762 0.717790 0.717790 0.717790
2050.780518 0.000000 1949.285156 0.000000 0.996934 0.000000 -0.078248 0.805491 0.805491 0.805491
2078.278320 0.000000 1950.367676 0.000000 0.782222 0.000000 -0.623000 0.829821 0.829821 0.829821
2048.050293 0.000000 1950.543213 0.000000 0.621647 0.000000 -0.783297 0.871178 0.871178 0.871178
2080.987305 0.000000 1941.511475 0.000000 0.100329 0.000000 0.994954 0.752428 0.752428 0.752428
2098.605225 0.000000 1942.964844 0.000000 0.684831 0.000000 -0.728702 0.893922 0.893922 0.893922
2082.780518 0.000000 1949.285156 0.000000 0.261766 0.000000 0.965131 0.703754 0.703754 0.703754
2100.161865 0.000000 1950.979736 0.000000 0.985844 0.000000 0.167668 0.792430 0.792430 0.792430
2088.221191 0.000000 1942.684937 0.000000 0.987731 0.000000 -0.156167 0.802443 0.802443 0.802443
2095.659424 0.000000 1947.973877 0.000000 0.242744 0.000000 -0.970090 0.859570 0.859570 0.859570
2102.825195 0.000000 1946.234253 0.000000 0.992625 0.000000 0.121223 0.794539 0.794539 0.794539
2084.280762 0.000000 1944.940430 0.000000 0.946581 0.000000 -0.322467 0.825575 0.825575 0.825575
2102.946289 0.000000 1941.656006 0.000000 0.302189 0.000000 0.953248 0.681871 0.681871 0.681871
2086.714355 0.000000 1948.230957 0.000000 0.959073 0.000000 0.283160 0.781078 0.781078 0.781078
2095.351562 0.000000 1944.339844 0.000000 0.359784 0.000000 -0.933035 0.852608 0.852608 0.852608
2084.128662 0.000000 1941.752075 0.000000 0.963606 0.000000 -0.267327 0.823673 0.823673 0.823673
2085.181152 0.000000 1950.856445 0.000000 0.315617 0.000000 0.948887 0.692176 0.692176 0.692176
2088.185303 0.000000 1951.080200 0.000000 0.100173 0.000000 0.994970 0.696036 0.696036 0.696036
2058.484375 0.000000 1981.530396 0.000000 0.272811 0.000000 0.962068 0.772853 0.772853 0.772853
2066.605225 0.000000 1974.964844 0.000000 0.822508 0.000000 -0.568754 0.803625 0.803625 0.803625
2053.689209 0.000000 1952.395264 0.000000 0.877527 0.000000 0.479527 0.792209 0.792209 0.792209
2048.183594 0.000000 1953.648682 0.000000 0.907108 0.000000 0.420897 0.758352 0.758352 0.758352
2063.659424 0.000000 1979.973877 0.000000 0.303015 0.000000 0.952986 0.773515 0.773515 0.773515
2049.156250 0.000000 1956.733643 0.000000 0.707059 0.000000 0.707155 0.720934 0.720934 0.720934
2085.689209 0.000000 1952.395264 0.000000 0.875163 0.000000 -0.483828 0.819366 0.819366 0.819366
2168.140869 0.000000 1930.975464 0.000000 0.978027 0.000000 -0.208476 0.800503 0.800503 0.800503
2173.637451 0.000000 1933.300781 0.000000 0.036606 0.000000 -0.999330 0.833093 0.833093 0.833093
2174.717773 0.000000 1930.415527 0.000000 0.676811 0.000000 -0.736157 0.855027 0.855027 0.855027
2140.322754 0.000000 1978.183716 0.000000 0.944802 0.000000 0.327643 0.792800 0.792800 0.792800
2132.161865 0.000000 1982.979736 0.000000 0.493641 0.000000 -0.869666 0.851811 0.851811 0.851811
2125.486572 0.000000 1972.908325 0.000000 0.096596 0.000000 -0.995324 0.828263 0.828263 0.828263
2127.659424 0.000000 1979.973877 0.000000 0.646278 0.000000 -0.763102 0.834849 0.834849 0.834849
2134.825195 0.000000 1978.234253 0.000000 0.292025 0.000000 0.956411 0.772510 0.772510 0.772510
2142.278320 0.000000 1982.367676 0.000000 0.783624 0.000000 -0.621236 0.828115 0.828115 0.828115
2137.182861 0.000000 1982.203613 0.000000 0.609984 0.000000 0.792414 0.745739 0.745739 0.745739
2134.946289 0.000000 1973.656006 0.000000 0.308943 0.000000 0.951081 0.736749 0.736749 0.736749
2127.351562 0.000000 1976.339844 0.000000 0.930783 0.000000 0.365573 0.780715 0.780715 0.780715
2137.589844 0.000000 1979.289551 0.000000 0.230989 0.000000 0.972956 0.690193 0.690193 0.690193
2129.125977 0.000000 1982.585815 0.000000 0.412158 0.000000 0.911112 0.736830 0.736830 0.736830
2139.829590 0.000000 1980.882324 0.000000 0.977383 0.000000 -0.211476 0.817491 0.817491 0.817491
2168.140869 0.000000 1962.975464 0.000000 0.676331 0.000000 0.736598 0.776186 0.776186 0.776186
2155.488281 0.000000 1967.720581 0.000000 0.326589 0.000000 0.945167 0.792582 0.792582 0.792582
2162.605225 0.000000 1974.964844 0.000000 0.015342 0.000000 -0.999882 0.824232 0.824232 0.824232
2146.780518 0.000000 1981.285156 0.000000 0.851099 0.000000 -0.525006 0.812253 0.812253 0.812253
2152.221191 0.000000 1974.684937 0.000000 0.262623 0.000000 0.964898 0.727278 0.727278 0.727278
2157.486572 0.000000 1972.908325 0.000000 0.941051 0.000000 0.338264 0.787181 0.787181 0.787181
2159.659424 0.000000 1979.973877 0.000000 0.642515 0.000000 0.766273 0.762338 0.762338 0.762338
2148.280762 0.000000 1976.940430 0.000000 0.973125 0.000000 0.230279 0.785938 0.785938 0.785938
2155.836914 0.000000 1977.214233 0.000000 0.993474 0.000000 0.114058 0.795959 0.795959 0.795959
2158.252197 0.000000 1983.496216 0.000000 0.660197 0.000000 -0.751093 0.840730 0.840730 0.840730
2159.351562 0.000000 1976.339844 0.000000 0.568207 0.000000 0.822886 0.739196 0.739196 0.739196
2144.050293 0.000000 1982.543213 0.000000 0.515621 0.000000 0.856817 0.748823 0.748823 0.748823
2048.750488 0.000000 1991.931519 0.000000 0.971651 0.000000 0.236420 0.773686 0.773686 0.773686
2072.140869 0.000000 1994.975464 0.000000 0.354712 0.000000 0.934976 0.780454 0.780454 0.780454
2059.488281 0.000000 1999.720581 0.000000 0.956224 0.000000 0.292635 0.797687 0.797687 0.797687
2062.183594 0.000000 1987.834839 0.000000 0.635562 0.000000 -0.772049 0.815327 0.815327 0.815327
2066.605225 0.000000 2006.964844 0.000000 0.687621 0.000000 0.726070 0.794157 0.794157 0.794157
2050.780518 0.000000 2013.285156 0.000000 0.990619 0.000000 0.136653 0.792936 0.792936 0.792936
2056.532227 0.000000 1992.712158 0.000000 0.599943 0.000000 0.800043 0.771106 0.771106 0.771106
2052.083496 0.000000 1998.666748 0.000000 0.536634 0.000000 0.843815 0.782548 0.782548 0.782548
2056.221191 0.000000 2006.684937 0.000000 0.076856 0.000000 -0.997042 0.862656 0.862656 0.862656
2066.674805 0.000000 2000.570068 0.000000 0.599298 0.000000 -0.800526 0.850608 0.850608 0.850608
2061.486572 0.000000 2004.908325 0.000000 0.048422 0.000000 0.998827 0.775372 0.775372 0.775372
2053.686523 0.000000 2002.909302 0.000000 0.654386 0.000000 0.756161 0.736809 0.736809 0.736809
2052.280762 0.000000 2008.940430 0.000000 0.832007 0.000000 0.554765 0.771811 0.771811 0.771811
2048.114746 0.000000 1996.443359 0.000000 0.761104 0.000000 0.648630 0.783930 0.783930 0.783930
2060.507324 0.000000 1995.169922 0.000000 0.286366 0.000000 0.958120 0.754738 0.754738 0.754738
2057.818604 0.000000 1988.514404 0.000000 0.150199 0.000000 -0.988656 0.879128 0.879128 0.879128
2068.771973 0.000000 1992.209351 0.000000 0.996808 0.000000 -0.079831 0.802634 0.802634 0.802634
2071.070557 0.000000 1999.147827 0.000000 0.028371 0.000000 0.999597 0.693720 0.693720 0.693720
2063.467041 0.000000 1998.134033 0.000000 0.801676 0.000000 -0.597758 0.827640 0.827640 0.827640
2065.761963 0.000000 1989.575317 0.000000 0.988062 0.000000 0.154058 0.794995 0.794995 0.794995
2067.964844 0.000000 1996.796021 0.000000 0.523101 0.000000 -0.852271 0.839126 0.839126 0.839126
2057.813721 0.000000 2003.114990 0.000000 0.972239 0.000000 -0.233988 0.812311 0.812311 0.812311
2055.792480 0.000000 2000.479248 0.000000 0.938751 0.000000 -0.344597 0.818550 0.818550 0.818550
2048.183594 0.000000 2017.648682 0.000000 0.893395 0.000000 -0.449273 0.806980 0.806980 0.806980
2136.140869 0.000000 1994.975464 0.000000 0.867789 0.000000 0.496932 0.743911 0.743911 0.743911
2140.322754 0.000000 2010.183716 0.000000 0.345077 0.000000 0.938574 0.790509 0.790509 0.790509
2123.488281 0.000000 1999.720581 0.000000 0.996757 0.000000 0.080476 0.797635 0.797635 0.797635
2126.183594 0.000000 1987.834839 0.000000 0.930186 0.000000 0.367088 0.788064 0.788064 0.788064
2139.529053 0.000000 1984.375977 0.000000 0.761068 0.000000 -0.648672 0.829181 0.829181 0.829181
2130.605225 0.000000 2006.964844 0.000000 0.747952 0.000000 -0.663753 0.814351 0.814351 0.814351
2137.850586 0.000000 2002.422363 0.000000 0.565928 0.000000 0.824455 0.766898 0.766898 0.766898
2133.493896 0.000000 1987.975830 0.000000 0.784300 0.000000 0.620382 0.744263 0.744263 0.744263
2141.208008 0.000000 1990.763794 0.000000 0.783608 0.000000 -0.621256 0.828517 0.828517 0.828517
2130.674805 0.000000 2000.570068 0.000000 0.205526 0.000000 0.978652 0.669256 0.669256 0.669256
2141.637451 0.000000 1997.300781 0.000000 0.816268 0.000000 -0.577673 0.814761 0.814761 0.814761
2129.748535 0.000000 1984.283081 0.000000 0.749125 0.000000 0.662429 0.774838 0.774838 0.774838
2124.507324 0.000000 1995.169922 0.000000 0.876903 0.000000 0.480668 0.786480 0.786480 0.786480
2134.946289 0.000000 2005.656006 0.000000 0.659395 0.000000 0.751796 0.764316 0.764316 0.764316
2136.881348 0.000000 1990.743896 0.000000 0.433161 0.000000 -0.901316 0.882075 0.882075 0.882075
2135.070557 0.000000 1999.147827 0.000000 0.977209 0.000000 -0.212279 0.824480 0.824480 0.824480
2127.467041 0.000000 1998.134033 0.000000 0.166026 0.000000 -0.986121 0.872346 0.872346 0.872346
2135.776611 0.000000 1984.715942 0.000000 0.841796 0.000000 -0.539797 0.844414 0.844414 0.844414
2138.338867 0.000000 2007.165649 0.000000 0.381553 0.000000 -0.924347 0.863595 0.863595 0.863595
2139.688232 0.000000 1994.264893 0.000000 0.675417 0.000000 -0.737436 0.849190 0.849190 0.849190
2127.360107 0.000000 2001.909424 0.000000 0.212924 0.000000 -0.977069 0.895888 0.895888 0.895888
2141.834961 0.000000 1987.189209 0.000000 0.998884 0.000000 -0.047229 0.804133 0.804133 0.804133
2131.926514 0.000000 2003.724976 0.000000 0.315884 0.000000 -0.948798 0.893576 0.893576 0.893576
2134.609375 0.000000 2002.199951 0.000000 0.876373 0.000000 -0.481633 0.834024 0.834024 0.834024
2142.717773 0.000000 1994.415527 0.000000 0.367814 0.000000 0.929899 0.685521 0.685521 0.685521
2132.718750 0.000000 1985.037598 0.000000 0.778539 0.000000 0.627596 0.758942 0.758942 0.758942
2143.086670 0.000000 2009.549561 0.000000 0.852318 0.000000 0.523024 0.767022 0.767022 0.767022
2138.228027 0.000000 1996.555420 0.000000 0.337624 0.000000 -0.941281 0.895527 0.895527 0.895527
2144.750488 0.000000 1991.931519 0.000000 0.993273 0.000000 -0.115800 0.803338 0.803338 0.803338
2158.183594 0.000000 1987.834839 0.000000 0.626852 0.000000 0.779139 0.772168 0.772168 0.772168
2144.987305 0.000000 2005.511475 0.000000 0.603633 0.000000 0.797262 0.790601 0.790601 0.790601
2149.689209 0.000000 1984.395264 0.000000 0.777980 0.000000 0.628289 0.788196 0.788196 0.788196
2152.532227 0.000000 1992.712158 0.000000 0.050579 0.000000 0.998720 0.707092 0.707092 0.707092
2148.083496 0.000000 1998.666748 0.000000 0.664887 0.000000 -0.746944 0.823247 0.823247 0.823247
2152.221191 0.000000 2006.684937 0.000000 0.987655 0.000000 0.156643 0.793874 0.793874 0.793874
2144.183594 0.000000 1985.648682 0.000000 0.994242 0.000000 -0.107156 0.813187 0.813187 0.813187
2161.748535 0.000000 1984.283081 0.000000 0.950918 0.000000 -0.309442 0.814138 0.814138 0.814138
2148.835938 0.000000 1989.125488 0.000000 0.983061 0.000000 -0.183277 0.811044 0.811044 0.811044
2154.786621 0.000000 1984.178833 0.000000 0.964890 0.000000 -0.262655 0.806529 0.806529 0.806529
2149.686523 0.000000 2002.909302 0.000000 0.994328 0.000000 -0.106355 0.807151 0.807151 0.807151
2148.280762 0.000000 2008.940430 0.000000 0.950580 0.000000 -0.310481 0.821375 0.821375 0.821375
2144.114746 0.000000 1996.443359 0.000000 0.471277 0.000000 -0.881985 0.919721 0.919721 0.919721
2144.356445 0.000000 2001.087769 0.000000 0.434087 0.000000 -0.900871 0.831590 0.831590 0.831590
2156.507324 0.000000 1995.169922 0.000000 0.483019 0.000000 -0.875610 0.832596 0.832596 0.832596
2153.818604 0.000000 1988.514404 0.000000 0.592998 0.000000 0.805204 0.754011 0.754011 0.754011
2144.249756 0.000000 2009.564819 0.000000 0.845858 0.000000 -0.533408 0.829328 0.829328 0.829328
2153.813721 0.000000 2003.114990 0.000000 0.749505 0.000000 0.661998 0.766621 0.766621 0.766621
2145.156250 0.000000 1988.733643 0.000000 0.100464 0.000000 0.994941 0.660821 0.660821 0.660821
2148.128662 0.000000 2005.752075 0.000000 0.469588 0.000000 -0.882886 0.919285 0.919285 0.919285
2158.752441 0.000000 1984.863770 0.000000 0.989672 0.000000 -0.143348 0.806895 0.806895 0.806895
2147.392090 0.000000 1986.345947 0.000000 0.069077 0.000000 -0.997611 0.967354 0.967354 0.967354
2146.680420 0.000000 1996.167236 0.000000 0.503178 0.000000 -0.864183 0.871904 0.871904 0.871904
2200.140869 0.000000 1930.975464 0.000000 0.165996 0.000000 -0.986126 0.830285 0.830285 0.830285
2190.183594 0.000000 1923.834839 0.000000 0.620398 0.000000 0.784287 0.792437 0.792437 0.792437
2203.529053 0.000000 1920.375977 0.000000 0.994949 0.000000 -0.100380 0.801024 0.801024 0.801024
2197.493896 0.000000 1923.975830 0.000000 0.922054 0.000000 0.387061 0.794523 0.794523 0.794523
2192.895020 0.000000 1930.459717 0.000000 0.870821 0.000000 0.491600 0.791686 0.791686 0.791686
2193.748535 0.000000 1920.283081 0.000000 0.104457 0.000000 0.994529 0.669107 0.669107 0.669107
2176.114746 0.000000 1932.443359 0.000000 0.086313 0.000000 0.996268 0.712839 0.712839 0.712839
2203.688232 0.000000 1930.264893 0.000000 0.419070 0.000000 0.907954 0.743387 0.743387 0.743387
2195.478760 0.000000 1946.200806 0.000000 0.379095 0.000000 0.925358 0.697310 0.697310 0.697310
2190.752441 0.000000 1920.863770 0.000000 0.665230 0.000000 0.746638 0.753026 0.753026 0.753026
2222.183594 0.000000 1923.834839 0.000000 0.998698 0.000000 -0.051006 0.801620 0.801620 0.801620
2235.529053 0.000000 1920.375977 0.000000 0.012117 0.000000 0.999927 0.782256 0.782256 0.782256
2216.532227 0.000000 1928.712158 0.000000 0.650885 0.000000 0.759176 0.778823 0.778823 0.778823
2229.493896 0.000000 1923.975830 0.000000 0.694844 0.000000 0.719160 0.774994 0.774994 0.774994
2225.748535 0.000000 1920.283081 0.000000 0.769039 0.000000 -0.639202 0.828254 0.828254 0.828254
2218.786621 0.000000 1920.178833 0.000000 0.789708 0.000000 -0.613483 0.820578 0.820578 0.820578
2200.140869 0.000000 1962.975464 0.000000 0.228275 0.000000 0.973597 0.785543 0.785543 0.785543
2203.529053 0.000000 1952.375977 0.000000 0.576520 0.000000 -0.817083 0.812033 0.812033 0.812033
2184.532227 0.000000 1960.712158 0.000000 0.190066 0.000000 0.981771 0.783468 0.783468 0.783468
2180.083496 0.000000 1966.666748 0.000000 0.805614 0.000000 -0.592441 0.814817 0.814817 0.814817
2176.356445 0.000000 1969.087769 0.000000 0.650346 0.000000 -0.759639 0.828432 0.828432 0.828432
2196.771973 0.000000 1960.209351 0.000000 0.360535 0.000000 -0.932746 0.838890 0.838890 0.838890
2184.103760 0.000000 1965.298096 0.000000 0.666462 0.000000 -0.745539 0.833775 0.833775 0.833775
2237.208008 0.000000 1958.763794 0.000000 0.745093 0.000000 0.666960 0.790376 0.790376 0.790376
2208.183594 0.000000 1953.648682 0.000000 0.699572 0.000000 -0.714562 0.814308 0.814308 0.814308
2250.484375 0.000000 1949.530396 0.000000 0.790252 0.000000 0.612783 0.792096 0.792096 0.792096
2268.322754 0.000000 1946.183716 0.000000 0.888414 0.000000 0.459043 0.784283 0.784283 0.784283
2258.605225 0.000000 1942.964844 0.000000 0.888713 0.000000 -0.458465 0.806849 0.806849 0.806849
2260.161865 0.000000 1950.979736 0.000000 0.929467 0.000000 0.368905 0.796151 0.796151 0.796151
2253.486572 0.000000 1940.908325 0.000000 0.929005 0.000000 -0.370068 0.809994 0.809994 0.809994
2255.659424 0.000000 1947.973877 0.000000 0.803276 0.000000 -0.595607 0.821790 0.821790 0.821790
2251.836914 0.000000 1945.214233 0.000000 0.977188 0.000000 0.212376 0.794230 0.794230 0.794230
2255.351562 0.000000 1944.339844 0.000000 0.614766 0.000000 0.788710 0.759165 0.759165 0.759165
2256.836182 0.000000 1940.439819 0.000000 0.348037 0.000000 0.937481 0.738104 0.738104 0.738104
2274.780518 0.000000 1949.285156 0.000000 0.967798 0.000000 -0.251729 0.803659 0.803659 0.803659
2276.280762 0.000000 1944.940430 0.000000 0.592682 0.000000 -0.805437 0.914459 0.914459 0.914459
2280.103760 0.000000 1933.298096 0.000000 0.824625 0.000000 -0.565679 0.847194 0.847194 0.847194
2298.338867 0.000000 1943.165649 0.000000 0.133085 0.000000 -0.991105 0.965350 0.965350 0.965350
2303.086670 0.000000 1945.549561 0.000000 0.618871 0.000000 0.785493 0.726918 0.726918 0.726918
2281.937012 0.000000 1930.743164 0.000000 0.939295 0.000000 -0.343110 0.827070 0.827070 0.827070
2240.750488 0.000000 1959.931519 0.000000 0.678397 0.000000 0.734695 0.795056 0.795056 0.795056
2254.183594 0.000000 1955.834839 0.000000 0.436642 0.000000 -0.899636 0.824136 0.824136 0.824136
2258.605225 0.000000 1974.964844 0.000000 0.981487 0.000000 0.191527 0.798268 0.798268 0.798268
2270.278320 0.000000 1982.367676 0.000000 0.909404 0.000000 0.415914 0.788434 0.788434 0.788434
2257.761963 0.000000 1957.575317 0.000000 0.129858 0.000000 -0.991533 0.860420 0.860420 0.860420
2282.484375 0.000000 1981.530396 0.000000 0.673248 0.000000 -0.739417 0.884768 0.884768 0.884768
2290.605225 0.000000 1974.964844 0.000000 0.690628 0.000000 -0.723211 0.861518 0.861518 0.861518
2274.780518 0.000000 1981.285156 0.000000 0.600488 0.000000 0.799634 0.783343 0.783343 0.783343
2276.083496 0.000000 1966.666748 0.000000 0.740006 0.000000 -0.672600 0.820775 0.820775 0.820775
2288.895020 0.000000 1962.459717 0.000000 0.926178 0.000000 0.377087 0.794903 0.794903 0.794903
2290.674805 0.000000 1968.570068 0.000000 0.172985 0.000000 -0.984924 0.960705 0.960705 0.960705
2285.486572 0.000000 1972.908325 0.000000 0.175252 0.000000 -0.984524 0.831754 0.831754 0.831754
2283.836914 0.000000 1977.214233 0.000000 0.512652 0.000000 0.858596 0.705345 0.705345 0.705345
2295.070557 0.000000 1967.147827 0.000000 0.239364 0.000000 0.970930 0.737088 0.737088 0.737088
2278.714355 0.000000 1980.230957 0.000000 0.653020 0.000000 0.757341 0.773744 0.773744 0.773744
2287.467041 0.000000 1966.134033 0.000000 0.256895 0.000000 -0.966439 0.854200 0.854200 0.854200
2291.964844 0.000000 1964.796021 0.000000 0.413858 0.000000 0.910342 0.730077 0.730077 0.730077
2281.813721 0.000000 1971.114990 0.000000 0.972956 0.000000 0.230989 0.781425 0.781425 0.781425
2286.252197 0.000000 1983.496216 0.000000 0.687552 0.000000 0.726135 0.761045 0.761045 0.761045
2287.360107 0.000000 1969.909424 0.000000 0.992015 0.000000 -0.126122 0.805228 0.805228 0.805228
2291.926514 0.000000 1971.724976 0.000000 0.839023 0.000000 0.544096 0.749328 0.749328 0.749328
2276.128662 0.000000 1973.752075 0.000000 0.679404 0.000000 0.733764 0.713122 0.713122 0.713122
2281.041748 0.000000 1978.228638 0.000000 0.688682 0.000000 0.725064 0.730015 0.730015 0.730015
2288.836182 0.000000 1972.439819 0.000000 0.148440 0.000000 0.988921 0.661139 0.661139 0.661139
2232.140869 0.000000 1994.975464 0.000000 0.997201 0.000000 0.074770 0.799776 0.799776 0.799776
2219.488281 0.000000 1999.720581 0.000000 0.999999 0.000000 0.001737 0.799967 0.799967 0.799967
2235.529053 0.000000 1984.375977 0.000000 0.642352 0.000000 0.766410 0.787443 0.787443 0.787443
2226.605225 0.000000 2006.964844 0.000000 0.701146 0.000000 -0.713018 0.818549 0.818549 0.818549
2233.850586 0.000000 2002.422363 0.000000 0.593905 0.000000 -0.804535 0.830809 0.830809 0.830809
2229.493896 0.000000 1987.975830 0.000000 0.416488 0.000000 0.909141 0.777435 0.777435 0.777435
2224.895020 0.000000 1994.459717 0.000000 0.625726 0.000000 0.780043 0.783381 0.783381 0.783381
2237.208008 0.000000 1990.763794 0.000000 0.467258 0.000000 0.884121 0.755159 0.755159 0.755159
2226.674805 0.000000 2000.570068 0.000000 0.752844 0.000000 -0.658199 0.822384 0.822384 0.822384
2237.637451 0.000000 1997.300781 0.000000 0.725768 0.000000 -0.687940 0.833183 0.833183 0.833183
2230.946289 0.000000 2005.656006 0.000000 0.804383 0.000000 0.594111 0.779417 0.779417 0.779417
2231.070557 0.000000 1999.147827 0.000000 0.993529 0.000000 -0.113576 0.805524 0.805524 0.805524
2216.103760 0.000000 1997.298096 0.000000 0.949003 0.000000 0.315266 0.789238 0.789238 0.789238
2223.467041 0.000000 1998.134033 0.000000 0.702851 0.000000 0.711337 0.759220 0.759220 0.759220
2223.360107 0.000000 2001.909424 0.000000 0.976981 0.000000 0.213326 0.786990 0.786990 0.786990
2234.444336 0.000000 1987.654053 0.000000 0.319254 0.000000 -0.947669 0.861211 0.861211 0.861211
2227.926514 0.000000 2003.724976 0.000000 0.335032 0.000000 -0.942207 0.864073 0.864073 0.864073
2230.609375 0.000000 2002.199951 0.000000 0.589139 0.000000 -0.808032 0.851861 0.851861 0.851861
2240.750488 0.000000 1991.931519 0.000000 0.456815 0.000000 -0.889562 0.801971 0.801971 0.801971
2264.140869 0.000000 1994.975464 0.000000 0.419057 0.000000 -0.907960 0.803410 0.803410 0.803410
2254.183594 0.000000 1987.834839 0.000000 0.883223 0.000000 0.468953 0.784792 0.784792 0.784792
2258.605225 0.000000 2006.964844 0.000000 0.947450 0.000000 0.319903 0.796878 0.796878 0.796878
2248.532227 0.000000 1992.712158 0.000000 0.996060 0.000000 -0.088679 0.801437 0.801437 0.801437
2258.674805 0.000000 2000.570068 0.000000 0.280008 0.000000 -0.959998 0.850124 0.850124 0.850124
2240.114746 0.000000 1996.443359 0.000000 0.097389 0.000000 -0.995246 0.851198 0.851198 0.851198
2240.356445 0.000000 2001.087769 0.000000 0.926779 0.000000 0.375608 0.791002 0.791002 0.791002
2259.964844 0.000000 1996.796021 0.000000 0.466683 0.000000 -0.884425 0.845518 0.845518 0.845518
2254.386230 0.000000 1991.658569 0.000000 0.362020 0.000000 -0.932170 0.843873 0.843873 0.843873
2272.750488 0.000000 1991.931519 0.000000 0.835138 0.000000 -0.550041 0.806281 0.806281 0.806281
2277.689209 0.000000 1984.395264 0.000000 0.618142 0.000000 -0.786066 0.813006 0.813006 0.813006
2272.183594 0.000000 1985.648682 0.000000 0.609335 0.000000 -0.792913 0.820846 0.820846 0.820846
2425.182861 0.000000 1854.203613 0.000000 0.992319 0.000000 -0.123702 0.802972 0.802972 0.802972
2346.484375 0.000000 1885.530396 0.000000 0.072222 0.000000 -0.997389 0.826936 0.826936 0.826936
2366.278320 0.000000 1886.367676 0.000000 0.994944 0.000000 -0.100429 0.805123 0.805123 0.805123
2361.182861 0.000000 1886.203613 0.000000 0.999389 0.000000 0.034954 0.799267 0.799267 0.799267
2329.850586 0.000000 1906.422363 0.000000 0.741054 0.000000 0.671446 0.777946 0.777946 0.777946
2334.231689 0.000000 1909.910522 0.000000 0.439613 0.000000 -0.898187 0.831417 0.831417 0.831417
2334.637939 0.000000 1906.081055 0.000000 0.107239 0.000000 -0.994233 0.948179 0.948179 0.948179
2360.140869 0.000000 1898.975464 0.000000 0.866743 0.000000 -0.498755 0.801877 0.801877 0.801877
2336.987305 0.000000 1909.511475 0.000000 0.598414 0.000000 0.801187 0.779399 0.779399 0.779399
2363.529053 0.000000 1888.375977 0.000000 0.999122 0.000000 0.041884 0.797891 0.797891 0.797891
2341.689209 0.000000 1888.395264 0.000000 0.919811 0.000000 -0.392361 0.804590 0.804590 0.804590
2356.161865 0.000000 1918.979736 0.000000 0.684608 0.000000 0.728912 0.791192 0.791192 0.791192
2340.083496 0.000000 1902.666748 0.000000 0.975427 0.000000 0.220325 0.795075 0.795075 0.795075
2357.493896 0.000000 1891.975830 0.000000 0.205979 0.000000 -0.978556 0.824506 0.824506 0.824506
2352.895020 0.000000 1898.459717 0.000000 0.838778 0.000000 0.544473 0.786546 0.786546 0.786546
2353.748535 0.000000 1888.283081 0.000000 0.222200 0.000000 -0.975001 0.845994 0.845994 0.845994
2340.835938 0.000000 1893.125488 0.000000 0.764213 0.000000 -0.644964 0.814280 0.814280 0.814280
2366.278320 0.000000 1918.367676 0.000000 0.979054 0.000000 -0.203601 0.804914 0.804914 0.804914
2361.182861 0.000000 1918.203613 0.000000 0.205120 0.000000 -0.978737 0.891548 0.891548 0.891548
2336.114746 0.000000 1900.443359 0.000000 0.943184 0.000000 -0.332271 0.809944 0.809944 0.809944
2336.356445 0.000000 1905.087769 0.000000 0.993523 0.000000 0.113630 0.787241 0.787241 0.787241
2360.881348 0.000000 1894.743896 0.000000 0.195694 0.000000 -0.980665 0.931706 0.931706 0.931706
2340.398926 0.000000 1898.167725 0.000000 0.059455 0.000000 0.998231 0.726652 0.726652 0.726652
2353.761963 0.000000 1893.575317 0.000000 0.216674 0.000000 0.976244 0.727072 0.727072 0.727072
2341.927246 0.000000 1895.717529 0.000000 0.982613 0.000000 0.185666 0.789146 0.789146 0.789146
2424.140869 0.000000 1866.975464 0.000000 0.952938 0.000000 0.303164 0.784867 0.784867 0.784867
2411.488281 0.000000 1871.720581 0.000000 0.622166 0.000000 0.782885 0.787607 0.787607 0.787607
2408.221191 0.000000 1878.684937 0.000000 0.921509 0.000000 -0.388358 0.807169 0.807169 0.807169
2429.637451 0.000000 1869.300781 0.000000 0.996825 0.000000 0.079629 0.797851 0.797851 0.797851
2413.486572 0.000000 1876.908325 0.000000 0.542047 0.000000 0.840348 0.765918 0.765918 0.765918
2412.507324 0.000000 1867.169922 0.000000 0.842305 0.000000 -0.539002 0.820124 0.820124 0.820124
2408.103760 0.000000 1869.298096 0.000000 0.254464 0.000000 0.967082 0.704771 0.704771 0.704771
2415.467041 0.000000 1870.134033 0.000000 0.389643 0.000000 -0.920966 0.861018 0.861018 0.861018
2430.637939 0.000000 1874.081055 0.000000 0.999644 0.000000 0.026693 0.797649 0.797649 0.797649
2409.813721 0.000000 1875.114990 0.000000 0.045175 0.000000 -0.998979 0.886840 0.886840 0.886840
2427.688232 0.000000 1866.264893 0.000000 0.590225 0.000000 -0.807239 0.846720 0.846720 0.846720
2415.360107 0.000000 1873.909424 0.000000 0.210584 0.000000 0.977576 0.681149 0.681149 0.681149
2411.363281 0.000000 1863.162964 0.000000 0.918241 0.000000 -0.396021 0.821469 0.821469 0.821469
2428.349609 0.000000 1875.803589 0.000000 0.858923 0.000000 0.512105 0.755868 0.755868 0.755868
2410.750488 0.000000 1869.136230 0.000000 0.697276 0.000000 0.716803 0.745410 0.745410 0.745410
2378.484375 0.000000 1917.530396 0.000000 0.905097 0.000000 -0.425204 0.802631 0.802631 0.802631
2370.780518 0.000000 1917.285156 0.000000 0.546328 0.000000 -0.837572 0.813682 0.813682 0.813682
2368.183594 0.000000 1889.648682 0.000000 0.262884 0.000000 -0.964827 0.832053 0.832053 0.832053
2373.686523 0.000000 1906.909302 0.000000 0.147921 0.000000 -0.988999 0.837498 0.837498 0.837498
2372.280762 0.000000 1912.940430 0.000000 0.484587 0.000000 0.874743 0.766821 0.766821 0.766821
2374.714355 0.000000 1916.230957 0.000000 0.998017 0.000000 -0.062945 0.802000 0.802000 0.802000
2370.626221 0.000000 1907.021362 0.000000 0.451146 0.000000 -0.892450 0.863431 0.863431 0.863431
2447.659424 0.000000 1851.973877 0.000000 0.270691 0.000000 -0.962666 0.826416 0.826416 0.826416
2462.278320 0.000000 1854.367676 0.000000 0.072790 0.000000 -0.997347 0.857442 0.857442 0.857442
2454.474854 0.000000 1853.118042 0.000000 0.998591 0.000000 0.053064 0.794529 0.794529 0.794529
2474.484375 0.000000 1853.530396 0.000000 0.556922 0.000000 0.830565 0.786493 0.786493 0.786493
2466.780518 0.000000 1853.285156 0.000000 0.980745 0.000000 0.195291 0.769969 0.769969 0.769969
2484.161865 0.000000 1854.979736 0.000000 0.920063 0.000000 0.391770 0.785287 0.785287 0.785287
2468.280762 0.000000 1848.940430 0.000000 0.138078 0.000000 0.990421 0.730488 0.730488 0.730488
2470.714355 0.000000 1852.230957 0.000000 0.695600 0.000000 0.718429 0.756777 0.756777 0.756777
2478.252197 0.000000 1855.496216 0.000000 0.776718 0.000000 0.629848 0.750193 0.750193 0.750193
2469.181152 0.000000 1854.856445 0.000000 0.144411 0.000000 -0.989518 0.876037 0.876037 0.876037
2481.125977 0.000000 1854.585815 0.000000 0.999996 0.000000 -0.002814 0.800179 0.800179 0.800179
2466.786865 0.000000 1855.978394 0.000000 0.243484 0.000000 -0.969905 0.892082 0.892082 0.892082
2432.750488 0.000000 1863.931519 0.000000 0.287490 0.000000 -0.957784 0.833724 0.833724 0.833724
2443.488281 0.000000 1871.720581 0.000000 0.512727 0.000000 0.858552 0.796288 0.796288 0.796288
2446.183594 0.000000 1859.834839 0.000000 0.580819 0.000000 0.814032 0.784044 0.784044 0.784044
2432.987305 0.000000 1877.511475 0.000000 0.574235 0.000000 0.818691 0.791380 0.791380 0.791380
2459.529053 0.000000 1856.375977 0.000000 0.755988 0.000000 0.654586 0.738855 0.738855 0.738855
2440.532227 0.000000 1864.712158 0.000000 0.941637 0.000000 -0.336629 0.803291 0.803291 0.803291
2453.493896 0.000000 1859.975830 0.000000 0.590914 0.000000 -0.806735 0.851177 0.851177 0.851177
2448.895020 0.000000 1866.459717 0.000000 0.850550 0.000000 -0.525894 0.820572 0.820572 0.820572
2432.183594 0.000000 1857.648682 0.000000 0.851400 0.000000 0.524517 0.791068 0.791068 0.791068
2449.748535 0.000000 1856.283081 0.000000 0.313684 0.000000 0.949527 0.761750 0.761750 0.761750
2437.686523 0.000000 1874.909302 0.000000 0.423652 0.000000 -0.905825 0.841422 0.841422 0.841422
2432.114746 0.000000 1868.443359 0.000000 0.661948 0.000000 0.749549 0.721810 0.721810 0.721810
2432.356445 0.000000 1873.087769 0.000000 0.598127 0.000000 0.801401 0.718119 0.718119 0.718119
2444.507324 0.000000 1867.169922 0.000000 0.113430 0.000000 0.993546 0.751981 0.751981 0.751981
2456.881348 0.000000 1862.743896 0.000000 0.589943 0.000000 -0.807445 0.837728 0.837728 0.837728
2452.771973 0.000000 1864.209351 0.000000 0.347877 0.000000 0.937540 0.712605 0.712605 0.712605
2440.103760 0.000000 1869.298096 0.000000 0.693530 0.000000 -0.720428 0.894469 0.894469 0.894469
2449.761963 0.000000 1861.575317 0.000000 0.831517 0.000000 -0.555500 0.820115 0.820115 0.820115
2461.834961 0.000000 1859.189209 0.000000 0.732991 0.000000 0.680238 0.749798 0.749798 0.749798
2458.444336 0.000000 1859.654053 0.000000 0.613641 0.000000 0.789585 0.716565 0.716565 0.716565
2434.626221 0.000000 1875.021362 0.000000 0.718129 0.000000 0.695910 0.740508 0.740508 0.740508
2488.140869 0.000000 1866.975464 0.000000 0.388110 0.000000 0.921613 0.774715 0.774715 0.774715
2478.183594 0.000000 1859.834839 0.000000 0.814565 0.000000 0.580072 0.776641 0.776641 0.776641
2469.689209 0.000000 1856.395264 0.000000 0.579693 0.000000 0.814835 0.792581 0.792581 0.792581
2485.493896 0.000000 1859.975830 0.000000 0.932311 0.000000 -0.361656 0.816851 0.816851 0.816851
2493.208008 0.000000 1862.763794 0.000000 0.375310 0.000000 -0.926900 0.839086 0.839086 0.839086
2493.637451 0.000000 1869.300781 0.000000 0.741883 0.000000 0.670530 0.744517 0.744517 0.744517
2464.183594 0.000000 1857.648682 0.000000 0.730930 0.000000 0.682452 0.732493 0.732493 0.732493
2481.748535 0.000000 1856.283081 0.000000 0.968968 0.000000 -0.247187 0.820803 0.820803 0.820803
2474.786621 0.000000 1856.178833 0.000000 0.999999 0.000000 0.001198 0.799968 0.799968 0.799968
2484.771973 0.000000 1864.209351 0.000000 0.647935 0.000000 -0.761696 0.840988 0.840988 0.840988
2481.761963 0.000000 1861.575317 0.000000 0.984018 0.000000 -0.178067 0.807294 0.807294 0.807294
2491.688232 0.000000 1866.264893 0.000000 0.717843 0.000000 -0.696205 0.852602 0.852602 0.852602
2478.752441 0.000000 1856.863770 0.000000 0.997396 0.000000 0.072125 0.794420 0.794420 0.794420
2494.717773 0.000000 1866.415527 0.000000 0.341635 0.000000 -0.939833 0.891534 0.891534 0.891534
2484.718750 0.000000 1857.037598 0.000000 0.054213 0.000000 0.998529 0.711858 0.711858 0.711858
2482.714355 0.000000 1858.874390 0.000000 0.839943 0.000000 -0.542675 0.836088 0.836088 0.836088
2496.750488 0.000000 1863.931519 0.000000 0.989615 0.000000 -0.143743 0.801988 0.801988 0.801988
2507.488281 0.000000 1871.720581 0.000000 0.997496 0.000000 -0.070723 0.800254 0.800254 0.800254
2500.083496 0.000000 1870.666748 0.000000 0.293834 0.000000 0.955856 0.710027 0.710027 0.710027
2496.114746 0.000000 1868.443359 0.000000 0.881100 0.000000 -0.472930 0.851948 0.851948 0.851948
2496.356445 0.000000 1873.087769 0.000000 0.853288 0.000000 -0.521439 0.826951 0.826951 0.826951
2504.103760 0.000000 1869.298096 0.000000 0.632221 0.000000 -0.774788 0.854172 0.854172 0.854172
2500.398926 0.000000 1866.167725 0.000000 0.984183 0.000000 -0.177153 0.807149 0.807149 0.807149
2333.208008 0.000000 1926.763794 0.000000 0.011571 0.000000 0.999933 0.724326 0.724326 0.724326
2336.750488 0.000000 1927.931519 0.000000 0.950511 0.000000 0.310691 0.799054 0.799054 0.799054
2360.140869 0.000000 1930.975464 0.000000 0.957624 0.000000 0.288020 0.791247 0.791247 0.791247
2363.529053 0.000000 1920.375977 0.000000 0.631628 0.000000 0.775272 0.711762 0.711762 0.711762
2361.850586 0.000000 1938.422363 0.000000 0.361739 0.000000 -0.932279 0.827337 0.827337 0.827337
2357.493896 0.000000 1923.975830 0.000000 0.656566 0.000000 -0.754269 0.838913 0.838913 0.838913
2352.895020 0.000000 1930.459717 0.000000 0.984578 0.000000 0.174943 0.796734 0.796734 0.796734
2365.208008 0.000000 1926.763794 0.000000 0.990514 0.000000 -0.137409 0.805534 0.805534 0.805534
2354.674805 0.000000 1936.570068 0.000000 0.023637 0.000000 -0.999721 0.915877 0.915877 0.915877
2365.637451 0.000000 1933.300781 0.000000 0.653475 0.000000 -0.756948 0.815948 0.815948 0.815948
2349.486572 0.000000 1940.908325 0.000000 0.963898 0.000000 0.266273 0.788857 0.788857 0.788857
2340.835938 0.000000 1925.125488 0.000000 0.033820 0.000000 0.999428 0.738299 0.738299 0.738299
2340.280762 0.000000 1944.940430 0.000000 0.666238 0.000000 -0.745740 0.820172 0.820172 0.820172
2360.881348 0.000000 1926.743896 0.000000 0.945388 0.000000 0.325946 0.778714 0.778714 0.778714
2356.771973 0.000000 1928.209351 0.000000 0.470812 0.000000 -0.882234 0.869925 0.869925 0.869925
2359.070557 0.000000 1935.147827 0.000000 0.014063 0.000000 0.999901 0.712322 0.712322 0.712322
2342.714355 0.000000 1948.230957 0.000000 0.393906 0.000000 0.919151 0.711280 0.711280 0.711280
2355.964844 0.000000 1932.796021 0.000000 0.006105 0.000000 -0.999981 0.911565 0.911565 0.911565
2359.776611 0.000000 1920.715942 0.000000 0.681822 0.000000 -0.731518 0.849165 0.849165 0.849165
2363.688232 0.000000 1930.264893 0.000000 0.945850 0.000000 -0.324605 0.813272 0.813272 0.813272
2365.834961 0.000000 1923.189209 0.000000 0.121213 0.000000 -0.992626 0.869470 0.869470 0.869470
2362.444336 0.000000 1923.654053 0.000000 0.877162 0.000000 0.480194 0.756784 0.756784 0.756784
2355.926514 0.000000 1939.724976 0.000000 0.994408 0.000000 0.105603 0.794675 0.794675 0.794675
2362.761963 0.000000 1935.116089 0.000000 0.937831 0.000000 -0.347091 0.815080 0.815080 0.815080
2359.880127 0.000000 1923.297852 0.000000 0.937763 0.000000 -0.347277 0.825713 0.825713 0.825713
2373.689209 0.000000 1920.395264 0.000000 0.826267 0.000000 0.563278 0.795698 0.795698 0.795698
2371.392090 0.000000 1922.345947 0.000000 0.053312 0.000000 -0.998578 0.886376 0.886376 0.886376
3128.140869 0.000000 1706.975464 0.000000 0.477085 0.000000 0.878857 0.771700 0.771700 0.771700
3122.605225 0.000000 1718.964844 0.000000 0.967218 0.000000 0.253949 0.797539 0.797539 0.797539
3129.850586 0.000000 1714.422363 0.000000 0.538441 0.000000 -0.842663 0.840233 0.840233 0.840233
3122.674805 0.000000 1712.570068 0.000000 0.999916 0.000000 0.012996 0.799268 0.799268 0.799268
3117.486572 0.000000 1716.908325 0.000000 0.690745 0.000000 0.723099 0.775301 0.775301 0.775301
3115.836914 0.000000 1721.214233 0.000000 0.939648 0.000000 -0.342142 0.814437 0.814437 0.814437
3126.946289 0.000000 1717.656006 0.000000 0.089622 0.000000 -0.995976 0.927786 0.927786 0.927786
3131.688232 0.000000 1706.264893 0.000000 0.990144 0.000000 0.140055 0.783666 0.783666 0.783666
3123.926514 0.000000 1715.724976 0.000000 0.923865 0.000000 -0.382718 0.829179 0.829179 0.829179
3126.609375 0.000000 1714.199951 0.000000 0.084232 0.000000 -0.996446 0.949629 0.949629 0.949629
3120.836182 0.000000 1716.439819 0.000000 0.850875 0.000000 -0.525368 0.842755 0.842755 0.842755
3122.605225 0.000000 1782.964844 0.000000 0.937138 0.000000 0.348958 0.793379 0.793379 0.793379
3112.532227 0.000000 1768.712158 0.000000 0.039329 0.000000 -0.999226 0.904607 0.904607 0.904607
3116.507324 0.000000 1771.169922 0.000000 0.559334 0.000000 -0.828942 0.853868 0.853868 0.853868
3125.305664 0.000000 1783.923584 0.000000 0.106830 0.000000 0.994277 0.672828 0.672828 0.672828
3190.825195 0.000000 1754.234253 0.000000 0.413012 0.000000 -0.910725 0.844595 0.844595 0.844595
3193.589844 0.000000 1755.289551 0.000000 0.630433 0.000000 0.776244 0.741960 0.741960 0.741960
3261.637451 0.000000 1677.300781 0.000000 0.438753 0.000000 -0.898608 0.828099 0.828099 0.828099
3261.637451 0.000000 1709.300781 0.000000 0.403921 0.000000 0.914794 0.754325 0.754325 0.754325
3266.780518 0.000000 1693.285156 0.000000 0.990648 0.000000 -0.136440 0.801312 0.801312 0.801312
3272.221191 0.000000 1686.684937 0.000000 0.368057 0.000000 -0.929803 0.855796 0.855796 0.855796
3269.686523 0.000000 1682.909302 0.000000 0.348823 0.000000 -0.937189 0.845116 0.845116 0.845116
3268.280762 0.000000 1688.940430 0.000000 0.999771 0.000000 0.021399 0.799513 0.799513 0.799513
3268.128662 0.000000 1685.752075 0.000000 0.251292 0.000000 0.967911 0.702956 0.702956 0.702956
3264.750488 0.000000 1703.931519 0.000000 0.157793 0.000000 0.987472 0.741610 0.741610 0.741610
3272.221191 0.000000 1718.684937 0.000000 0.860748 0.000000 -0.509031 0.837759 0.837759 0.837759
3268.835938 0.000000 1701.125488 0.000000 0.047946 0.000000 -0.998850 0.827373 0.827373 0.827373
3268.280762 0.000000 1720.940430 0.000000 0.819614 0.000000 -0.572916 0.843498 0.843498 0.843498
3264.114746 0.000000 1708.443359 0.000000 0.735517 0.000000 -0.677506 0.841032 0.841032 0.841032
3304.221191 0.000000 1718.684937 0.000000 0.427155 0.000000 -0.904178 0.831807 0.831807 0.831807
3309.486572 0.000000 1716.908325 0.000000 0.407180 0.000000 0.913348 0.733769 0.733769 0.733769
3296.114746 0.000000 1708.443359 0.000000 0.416097 0.000000 0.909320 0.700130 0.700130 0.700130
3307.836914 0.000000 1721.214233 0.000000 0.904516 0.000000 0.426440 0.787858 0.787858 0.787858
3301.181152 0.000000 1726.856445 0.000000 0.999993 0.000000 -0.003740 0.800280 0.800280 0.800280
3307.033691 0.000000 1718.317261 0.000000 0.544332 0.000000 0.838870 0.702803 0.702803 0.702803
3232.750488 0.000000 1735.931519 0.000000 0.382148 0.000000 -0.924101 0.805650 0.805650 0.805650
3240.532227 0.000000 1736.712158 0.000000 0.010635 0.000000 0.999943 0.740173 0.740173 0.740173
3236.835938 0.000000 1733.125488 0.000000 0.759403 0.000000 -0.650621 0.827590 0.827590 0.827590
3241.818604 0.000000 1732.514404 0.000000 0.914231 0.000000 -0.405194 0.821747 0.821747 0.821747
3243.363281 0.000000 1735.162964 0.000000 0.323463 0.000000 -0.946241 0.878101 0.878101 0.878101
3237.927246 0.000000 1735.717529 0.000000 0.977467 0.000000 -0.211087 0.815420 0.815420 0.815420
3261.208008 0.000000 1766.763794 0.000000 0.932945 0.000000 0.360020 0.765355 0.765355 0.765355
3256.881348 0.000000 1766.743896 0.000000 0.281258 0.000000 0.959632 0.671352 0.671352 0.671352
3254.221924 0.000000 1766.269287 0.000000 0.941933 0.000000 -0.335800 0.826264 0.826264 0.826264
3301.689209 0.000000 1728.395264 0.000000 0.249647 0.000000 0.968337 0.598551 0.598551 0.598551
3300.835938 0.000000 1733.125488 0.000000 0.965268 0.000000 -0.261262 0.806652 0.806652 0.806652
3299.392090 0.000000 1730.345947 0.000000 0.869227 0.000000 -0.494413 0.844001 0.844001 0.844001
3264.750488 0.000000 1767.931519 0.000000 0.185832 0.000000 0.982581 0.783416 0.783416 0.783416
3268.835938 0.000000 1765.125488 0.000000 0.822332 0.000000 0.569008 0.783317 0.783317 0.783317
3432.103760 0.000000 1709.298096 0.000000 0.522956 0.000000 0.852359 0.767594 0.767594 0.767594
3350.825195 0.000000 1786.234253 0.000000 0.971926 0.000000 -0.235288 0.811243 0.811243 0.811243
3354.338867 0.000000 1783.165649 0.000000 0.905910 0.000000 0.423470 0.772490 0.772490 0.772490
3454.231689 0.000000 1749.910522 0.000000 0.251184 0.000000 -0.967939 0.863913 0.863913 0.863913
3454.637939 0.000000 1746.081055 0.000000 0.983629 0.000000 -0.180207 0.810314 0.810314 0.810314
3456.987305 0.000000 1749.511475 0.000000 0.597981 0.000000 0.801510 0.759330 0.759330 0.759330
3461.686523 0.000000 1746.909302 0.000000 0.297938 0.000000 0.954585 0.751366 0.751366 0.751366
3460.128662 0.000000 1749.752075 0.000000 0.067300 0.000000 0.997733 0.732438 0.732438 0.732438
3458.626221 0.000000 1747.021362 0.000000 0.875974 0.000000 0.482359 0.772254 0.772254 0.772254
3163.529053 0.000000 1792.375977 0.000000 0.847878 0.000000 0.530191 0.788951 0.788951 0.788951
3141.689209 0.000000 1792.395264 0.000000 0.578457 0.000000 -0.815713 0.861160 0.861160 0.861160
3157.493896 0.000000 1795.975830 0.000000 0.192035 0.000000 -0.981388 0.822286 0.822286 0.822286
"}
