object={
	name="reeds_01_generator_1_0"
	clamp_to_water_level=no
	render_under_water=no
	generated_content=yes
	layer="grass_layer"
	pdxmesh="reeds_06_grass_mesh"
	count=2
	transform="2385.761963 0.000000 1605.575317 0.000000 0.678664 0.000000 0.734449 0.940281 0.940281 0.940281
2382.386230 0.000000 1607.658569 0.000000 0.698746 0.000000 -0.715370 1.045773 1.045773 1.045773
"}
object={
	name="reeds_01_generator_1_1"
	clamp_to_water_level=no
	render_under_water=no
	generated_content=yes
	layer="grass_layer"
	pdxmesh="reeds_07_grass_mesh"
	count=4
	transform="2389.493896 0.000000 1603.975830 0.000000 0.455607 0.000000 0.890181 0.991778 0.991778 0.991778
2388.771973 0.000000 1608.209351 0.000000 0.667172 0.000000 -0.744904 1.115394 1.115394 1.115394
2386.198486 0.000000 1608.187256 0.000000 0.953554 0.000000 -0.301221 1.022152 1.022152 1.022152
2388.533203 0.000000 1609.613403 0.000000 0.770212 0.000000 -0.637788 1.094967 1.094967 1.094967
"}
object={
	name="reeds_01_generator_1_2"
	clamp_to_water_level=no
	render_under_water=no
	generated_content=yes
	layer="grass_layer"
	pdxmesh="reeds_01_tall_grass_mesh"
	count=7
	transform="2390.221924 0.000000 1606.269287 0.000000 0.982729 0.000000 -0.185050 1.009758 1.009758 1.009758
2383.387695 0.000000 1605.666382 0.000000 0.241585 0.000000 -0.970380 1.109310 1.109310 1.109310
2384.537598 0.000000 1604.257935 0.000000 0.895203 0.000000 0.445659 0.966558 0.966558 0.966558
2384.638672 0.000000 1606.836548 0.000000 0.395672 0.000000 -0.918392 1.087179 1.087179 1.087179
2389.830322 0.000000 1609.207153 0.000000 0.810105 0.000000 0.586284 0.913980 0.913980 0.913980
2389.981445 0.000000 1607.588257 0.000000 0.494442 0.000000 -0.869211 1.134149 1.134149 1.134149
2389.116455 0.000000 1605.296265 0.000000 0.814492 0.000000 -0.580175 1.077261 1.077261 1.077261
"}
