object={
	name="steppe_bush_01_generator_0"
	clamp_to_water_level=no
	render_under_water=no
	generated_content=yes
	layer="grass_layer"
	pdxmesh="steppe_bush_01_mesh"
	count=187
	transform="3196.463379 0.000000 107.821075 0.000000 0.073914 0.000000 -0.997265 0.804555 0.804555 0.804555
3197.275879 0.000000 100.162125 0.000000 0.998941 0.000000 0.046007 0.491986 0.491986 0.491986
3142.586426 0.000000 79.758453 0.000000 0.497312 0.000000 -0.867572 0.706492 0.706492 0.706492
3148.172119 0.000000 69.928085 0.000000 0.631987 0.000000 -0.774979 0.672664 0.672664 0.672664
3193.374268 0.000000 111.420746 0.000000 0.079633 0.000000 0.996824 0.240352 0.240352 0.240352
3198.313721 0.000000 104.150803 0.000000 0.835172 0.000000 0.549989 0.381873 0.381873 0.381873
3145.046387 0.000000 77.519157 0.000000 0.754821 0.000000 0.655931 0.381673 0.381673 0.381673
3184.406250 0.000000 89.438805 0.000000 0.993149 0.000000 0.116855 0.479093 0.479093 0.479093
3145.304443 0.000000 81.271255 0.000000 0.390000 0.000000 0.920815 0.305729 0.305729 0.305729
3179.747070 0.000000 92.383606 0.000000 0.180140 0.000000 -0.983641 0.783621 0.783621 0.783621
3194.345215 0.000000 105.899155 0.000000 0.985250 0.000000 0.171123 0.470484 0.470484 0.470484
3194.024170 0.000000 108.877258 0.000000 0.997909 0.000000 -0.064641 0.513363 0.513363 0.513363
3182.923584 0.000000 91.676903 0.000000 0.767449 0.000000 -0.641109 0.631612 0.631612 0.631612
3199.694824 0.000000 100.460312 0.000000 0.991878 0.000000 -0.127195 0.526906 0.526906 0.526906
3197.343506 0.000000 110.064285 0.000000 0.490501 0.000000 -0.871441 0.686238 0.686238 0.686238
3196.512695 0.000000 105.554733 0.000000 0.279737 0.000000 -0.960077 0.765938 0.765938 0.765938
3149.905029 0.000000 71.240990 0.000000 0.996698 0.000000 0.081200 0.484018 0.484018 0.484018
3179.433838 0.000000 94.806038 0.000000 0.635939 0.000000 -0.771739 0.661215 0.661215 0.661215
3198.276367 0.000000 102.096924 0.000000 0.165180 0.000000 0.986264 0.191358 0.191358 0.191358
3195.230469 0.000000 110.534691 0.000000 0.477749 0.000000 0.878496 0.285755 0.285755 0.285755
3145.799072 0.000000 79.354774 0.000000 0.960843 0.000000 -0.277093 0.549242 0.549242 0.549242
3143.399658 0.000000 78.179504 0.000000 0.690195 0.000000 0.723623 0.340941 0.340941 0.340941
3181.491455 0.000000 92.637253 0.000000 0.210019 0.000000 -0.977697 0.769768 0.769768 0.769768
3181.344727 0.000000 95.997597 0.000000 0.947444 0.000000 -0.319921 0.563210 0.563210 0.563210
3148.693115 0.000000 68.323151 0.000000 0.566150 0.000000 -0.824302 0.688688 0.688688 0.688688
3184.736084 0.000000 91.160263 0.000000 0.722220 0.000000 -0.691663 0.650163 0.650163 0.650163
3194.874023 0.000000 107.496353 0.000000 0.726476 0.000000 -0.687192 0.674484 0.674484 0.674484
3197.587891 0.000000 106.756416 0.000000 0.833391 0.000000 0.552684 0.380853 0.380853 0.380853
3148.055176 0.000000 71.463066 0.000000 0.977380 0.000000 -0.211489 0.541896 0.541896 0.541896
3196.000488 0.000000 109.294441 0.000000 0.050963 0.000000 0.998701 0.176537 0.176537 0.176537
3180.445557 0.000000 93.692963 0.000000 0.797223 0.000000 -0.603686 0.628635 0.628635 0.628635
3199.432861 0.000000 105.389320 0.000000 0.893631 0.000000 0.448802 0.405591 0.405591 0.405591
3182.873047 0.000000 93.122902 0.000000 0.426084 0.000000 -0.904684 0.718053 0.718053 0.718053
3199.269531 0.000000 103.082932 0.000000 0.614442 0.000000 0.788962 0.300270 0.300270 0.300270
3197.958008 0.000000 105.449059 0.000000 0.431282 0.000000 -0.902217 0.732389 0.732389 0.732389
3178.990234 0.000000 93.521339 0.000000 0.763496 0.000000 -0.645813 0.643291 0.643291 0.643291
3149.469238 0.000000 69.991577 0.000000 0.533398 0.000000 -0.845865 0.696324 0.696324 0.696324
3195.822510 0.000000 106.628174 0.000000 0.732450 0.000000 -0.680821 0.672473 0.672473 0.672473
3199.594482 0.000000 101.781578 0.000000 0.865455 0.000000 -0.500986 0.610698 0.610698 0.610698
3180.719971 0.000000 94.909271 0.000000 0.999943 0.000000 -0.010644 0.502066 0.502066 0.502066
3197.112061 0.000000 104.496696 0.000000 0.761166 0.000000 0.648557 0.354212 0.354212 0.354212
3198.477539 0.000000 100.906860 0.000000 0.999787 0.000000 -0.020623 0.504351 0.504351 0.504351
3194.031738 0.000000 110.413010 0.000000 0.012673 0.000000 -0.999920 0.811194 0.811194 0.811194
3142.249756 0.000000 78.630676 0.000000 0.725815 0.000000 0.687890 0.350861 0.350861 0.350861
3197.183350 0.000000 108.875198 0.000000 0.994016 0.000000 0.109239 0.476704 0.476704 0.476704
3199.581055 0.000000 104.116119 0.000000 0.179582 0.000000 0.983743 0.217999 0.217999 0.217999
3195.132812 0.000000 108.647293 0.000000 0.810132 0.000000 -0.586247 0.629411 0.629411 0.629411
3198.039062 0.000000 103.087357 0.000000 0.715048 0.000000 -0.699076 0.670068 0.670068 0.670068
3194.059814 0.000000 107.964615 0.000000 0.475161 0.000000 -0.879899 0.747729 0.747729 0.747729
3194.894775 0.000000 106.597977 0.000000 0.255035 0.000000 0.966932 0.197628 0.197628 0.197628
3200.712646 0.000000 98.175522 0.000000 0.482714 0.000000 0.875778 0.294212 0.294212 0.294212
3200.331299 0.000000 102.835312 0.000000 0.077415 0.000000 -0.996999 0.754443 0.754443 0.754443
3200.084961 0.000000 105.292480 0.000000 0.536296 0.000000 -0.844030 0.675589 0.675589 0.675589
3200.955322 0.000000 100.559372 0.000000 0.267778 0.000000 -0.963481 0.738492 0.738492 0.738492
3201.754883 0.000000 99.253258 0.000000 0.011178 0.000000 -0.999938 0.800785 0.800785 0.800785
3200.063477 0.000000 99.386818 0.000000 0.727348 0.000000 0.686269 0.354132 0.354132 0.354132
3145.671875 0.000000 138.250946 0.000000 0.694416 0.000000 0.719574 0.355124 0.355124 0.355124
3147.854736 0.000000 143.435013 0.000000 0.973144 0.000000 0.230196 0.452448 0.452448 0.452448
3155.843750 0.000000 176.372406 0.000000 0.011820 0.000000 0.999930 0.237286 0.237286 0.237286
3145.046387 0.000000 141.519150 0.000000 0.416646 0.000000 0.909069 0.269970 0.269970 0.269970
3149.280762 0.000000 163.118484 0.000000 0.787714 0.000000 0.616041 0.360814 0.360814 0.360814
3147.949951 0.000000 140.437363 0.000000 0.809856 0.000000 0.586628 0.386533 0.386533 0.386533
3156.637451 0.000000 179.133194 0.000000 0.989379 0.000000 -0.145360 0.526586 0.526586 0.526586
3157.890869 0.000000 177.067383 0.000000 0.911440 0.000000 -0.411434 0.582836 0.582836 0.582836
3154.518311 0.000000 178.261383 0.000000 0.486399 0.000000 0.873737 0.314924 0.314924 0.314924
3143.954834 0.000000 139.723923 0.000000 0.622395 0.000000 -0.782704 0.662718 0.662718 0.662718
3146.802002 0.000000 141.906937 0.000000 0.989650 0.000000 -0.143499 0.526063 0.526063 0.526063
3146.167969 0.000000 140.009613 0.000000 0.754974 0.000000 0.655754 0.370552 0.370552 0.370552
3148.453613 0.000000 161.579300 0.000000 0.239793 0.000000 0.970824 0.225516 0.225516 0.225516
3146.883301 0.000000 143.016037 0.000000 0.866461 0.000000 0.499245 0.392989 0.392989 0.392989
3185.762695 0.000000 205.487808 0.000000 0.493878 0.000000 0.869531 0.298653 0.298653 0.298653
3183.066406 0.000000 206.245880 0.000000 0.941448 0.000000 -0.337157 0.557952 0.557952 0.557952
3178.232910 0.000000 202.592422 0.000000 0.760985 0.000000 0.648770 0.376186 0.376186 0.376186
3182.710205 0.000000 204.254211 0.000000 0.997786 0.000000 -0.066511 0.511964 0.511964 0.511964
3184.176514 0.000000 204.953125 0.000000 0.312611 0.000000 0.949881 0.260722 0.260722 0.260722
3184.706299 0.000000 206.539764 0.000000 0.989975 0.000000 0.141243 0.470546 0.470546 0.470546
3179.096924 0.000000 201.380508 0.000000 0.716720 0.000000 0.697361 0.349725 0.349725 0.349725
3185.870117 0.000000 207.157059 0.000000 0.168782 0.000000 0.985653 0.208777 0.208777 0.208777
3225.014648 0.000000 214.339874 0.000000 0.868587 0.000000 -0.495537 0.585103 0.585103 0.585103
3252.456055 0.000000 217.110718 0.000000 0.330261 0.000000 -0.943890 0.703365 0.703365 0.703365
3229.620605 0.000000 215.662827 0.000000 0.965809 0.000000 0.259254 0.457607 0.457607 0.457607
3228.427734 0.000000 211.569046 0.000000 0.999853 0.000000 -0.017121 0.503580 0.503580 0.503580
3255.571289 0.000000 219.262802 0.000000 0.837934 0.000000 -0.545772 0.609177 0.609177 0.609177
3222.151123 0.000000 215.355560 0.000000 0.410255 0.000000 0.911971 0.299366 0.299366 0.299366
3230.910645 0.000000 212.855194 0.000000 0.861491 0.000000 0.507773 0.393960 0.393960 0.393960
3252.535400 0.000000 219.741302 0.000000 0.994430 0.000000 0.105404 0.477855 0.477855 0.477855
3222.142822 0.000000 212.939270 0.000000 0.329274 0.000000 0.944234 0.263311 0.263311 0.263311
3255.034180 0.000000 221.043640 0.000000 0.957792 0.000000 -0.287461 0.560418 0.560418 0.560418
3223.994873 0.000000 212.665894 0.000000 0.396172 0.000000 0.918176 0.277071 0.277071 0.277071
3251.993164 0.000000 221.338898 0.000000 0.323454 0.000000 0.946244 0.239662 0.239662 0.239662
3230.382568 0.000000 211.266449 0.000000 0.995348 0.000000 -0.096345 0.517887 0.517887 0.517887
3254.128418 0.000000 219.777878 0.000000 0.882446 0.000000 0.470414 0.407380 0.407380 0.407380
3231.413086 0.000000 210.231430 0.000000 0.711412 0.000000 -0.702775 0.644456 0.644456 0.644456
3253.280762 0.000000 220.837341 0.000000 0.775727 0.000000 -0.631069 0.635971 0.635971 0.635971
3253.366943 0.000000 218.724258 0.000000 0.861562 0.000000 0.507652 0.388338 0.388338 0.388338
3230.046143 0.000000 214.388885 0.000000 0.833492 0.000000 -0.552532 0.613264 0.613264 0.613264
3229.170410 0.000000 210.592026 0.000000 0.193476 0.000000 0.981105 0.212279 0.212279 0.212279
3250.748535 0.000000 221.156738 0.000000 0.923684 0.000000 0.383155 0.417540 0.417540 0.417540
3231.943359 0.000000 212.332520 0.000000 0.888767 0.000000 0.458358 0.405199 0.405199 0.405199
3376.281738 0.000000 85.950943 0.000000 0.400309 0.000000 0.916380 0.284445 0.284445 0.284445
3379.701172 0.000000 100.844742 0.000000 0.754385 0.000000 0.656432 0.367708 0.367708 0.367708
3374.140869 0.000000 94.295540 0.000000 0.525783 0.000000 0.850619 0.324147 0.324147 0.324147
3383.376709 0.000000 84.529739 0.000000 0.999385 0.000000 0.035073 0.493497 0.493497 0.493497
3383.952393 0.000000 99.111771 0.000000 0.572758 0.000000 0.819724 0.284089 0.284089 0.284089
3377.663330 0.000000 96.828247 0.000000 0.981463 0.000000 0.191652 0.465817 0.465817 0.465817
3386.515625 0.000000 82.425987 0.000000 0.978348 0.000000 -0.206968 0.536693 0.536693 0.536693
3380.006104 0.000000 85.699226 0.000000 0.185230 0.000000 -0.982695 0.765282 0.765282 0.765282
3380.878174 0.000000 97.461449 0.000000 0.656096 0.000000 -0.754678 0.642508 0.642508 0.642508
3376.406250 0.000000 89.438805 0.000000 0.957847 0.000000 -0.287278 0.558378 0.558378 0.558378
3376.290527 0.000000 99.640572 0.000000 0.102012 0.000000 -0.994783 0.801565 0.801565 0.801565
3374.680176 0.000000 97.104927 0.000000 0.781295 0.000000 -0.624162 0.640095 0.640095 0.640095
3382.357178 0.000000 101.203186 0.000000 0.999247 0.000000 -0.038789 0.506829 0.506829 0.506829
3382.006348 0.000000 82.454063 0.000000 0.828527 0.000000 -0.559949 0.616475 0.616475 0.616475
3379.010498 0.000000 98.719101 0.000000 0.044518 0.000000 0.999009 0.222794 0.222794 0.222794
3385.252197 0.000000 80.563660 0.000000 0.999539 0.000000 0.030369 0.494635 0.494635 0.494635
3384.390137 0.000000 82.662468 0.000000 0.745305 0.000000 0.666724 0.347864 0.347864 0.347864
3378.479492 0.000000 89.896767 0.000000 0.753075 0.000000 -0.657935 0.624145 0.624145 0.624145
3381.255371 0.000000 99.462860 0.000000 0.744995 0.000000 -0.667070 0.658158 0.658158 0.658158
3373.344727 0.000000 95.997597 0.000000 0.819208 0.000000 -0.573497 0.610930 0.610930 0.610930
3376.194824 0.000000 97.896896 0.000000 0.812721 0.000000 0.582653 0.389749 0.389749 0.389749
3381.790771 0.000000 84.512398 0.000000 0.560072 0.000000 -0.828444 0.687073 0.687073 0.687073
3387.866211 0.000000 81.439117 0.000000 0.498896 0.000000 0.866662 0.307609 0.307609 0.307609
3377.843262 0.000000 86.139076 0.000000 0.624499 0.000000 -0.781025 0.691321 0.691321 0.691321
3376.850586 0.000000 87.361313 0.000000 0.653370 0.000000 0.757039 0.316692 0.316692 0.316692
3377.480225 0.000000 98.540359 0.000000 0.944403 0.000000 -0.328789 0.568794 0.568794 0.568794
3382.688232 0.000000 99.734779 0.000000 0.576029 0.000000 0.817429 0.284987 0.284987 0.284987
3377.625732 0.000000 88.779243 0.000000 0.246794 0.000000 -0.969068 0.764745 0.764745 0.764745
3383.022217 0.000000 83.285202 0.000000 0.605005 0.000000 0.796221 0.319499 0.319499 0.319499
3373.058838 0.000000 97.150833 0.000000 0.946963 0.000000 -0.321342 0.564522 0.564522 0.564522
3380.534668 0.000000 98.570526 0.000000 0.452506 0.000000 -0.891761 0.738498 0.738498 0.738498
3381.642334 0.000000 98.335236 0.000000 0.733668 0.000000 0.679508 0.338198 0.338198 0.338198
3385.356689 0.000000 83.230904 0.000000 0.964523 0.000000 -0.264000 0.555694 0.555694 0.555694
3384.290039 0.000000 83.774536 0.000000 0.009282 0.000000 0.999957 0.174484 0.174484 0.174484
3383.013672 0.000000 98.757675 0.000000 0.975404 0.000000 0.220425 0.450063 0.450063 0.450063
3400.167236 0.000000 93.333389 0.000000 0.958098 0.000000 -0.286439 0.556208 0.556208 0.556208
3402.628174 0.000000 97.324730 0.000000 0.718408 0.000000 0.695622 0.367962 0.367962 0.367962
3404.546875 0.000000 93.193787 0.000000 0.915707 0.000000 -0.401848 0.568913 0.568913 0.568913
3413.874756 0.000000 118.274506 0.000000 0.430790 0.000000 0.902452 0.311049 0.311049 0.311049
3397.806641 0.000000 94.691193 0.000000 0.640702 0.000000 -0.767789 0.684669 0.684669 0.684669
3400.166016 0.000000 96.014366 0.000000 0.428887 0.000000 0.903358 0.257914 0.257914 0.257914
3405.099854 0.000000 95.974007 0.000000 0.917873 0.000000 -0.396874 0.576924 0.576924 0.576924
3402.408936 0.000000 94.619858 0.000000 0.936738 0.000000 0.350031 0.432819 0.432819 0.432819
3413.429199 0.000000 120.663666 0.000000 0.986701 0.000000 0.162544 0.466372 0.466372 0.466372
3402.748779 0.000000 99.632843 0.000000 0.976467 0.000000 -0.215668 0.544094 0.544094 0.544094
3411.418457 0.000000 121.545914 0.000000 0.832473 0.000000 0.554066 0.397375 0.397375 0.397375
3400.660156 0.000000 98.055290 0.000000 0.893069 0.000000 -0.449919 0.587089 0.587089 0.587089
3396.914795 0.000000 93.138214 0.000000 0.182842 0.000000 0.983142 0.207418 0.207418 0.207418
3412.947021 0.000000 125.109085 0.000000 0.959899 0.000000 0.280346 0.446263 0.446263 0.446263
3405.809570 0.000000 94.395065 0.000000 0.999993 0.000000 0.003726 0.499298 0.499298 0.499298
3394.026855 0.000000 92.033264 0.000000 0.758662 0.000000 -0.651484 0.626655 0.626655 0.626655
3396.041260 0.000000 94.871094 0.000000 0.300799 0.000000 -0.953687 0.766918 0.766918 0.766918
3398.542969 0.000000 93.213219 0.000000 0.060468 0.000000 0.998170 0.185162 0.185162 0.185162
3401.773682 0.000000 93.053139 0.000000 0.998120 0.000000 -0.061283 0.511865 0.511865 0.511865
3403.493164 0.000000 95.919441 0.000000 0.283548 0.000000 0.958958 0.258912 0.258912 0.258912
3399.401611 0.000000 94.693817 0.000000 0.084610 0.000000 -0.996414 0.779184 0.779184 0.779184
3398.622070 0.000000 96.082649 0.000000 0.996915 0.000000 0.078488 0.481856 0.481856 0.481856
3401.839600 0.000000 96.017776 0.000000 0.756326 0.000000 -0.654195 0.653109 0.653109 0.653109
3404.323242 0.000000 94.675285 0.000000 0.588473 0.000000 0.808517 0.322513 0.322513 0.322513
3399.332275 0.000000 97.546394 0.000000 0.977322 0.000000 -0.211757 0.549274 0.549274 0.549274
3403.753662 0.000000 98.714706 0.000000 0.999520 0.000000 -0.030992 0.506288 0.506288 0.506288
3412.722900 0.000000 121.786766 0.000000 0.862369 0.000000 -0.506281 0.609340 0.609340 0.609340
3412.052490 0.000000 120.418427 0.000000 0.956331 0.000000 0.292285 0.438908 0.438908 0.438908
3400.982178 0.000000 96.903854 0.000000 0.234576 0.000000 -0.972098 0.786417 0.786417 0.786417
3402.352783 0.000000 98.475128 0.000000 0.514564 0.000000 0.857452 0.291010 0.291010 0.291010
3399.564697 0.000000 92.329208 0.000000 0.639878 0.000000 -0.768477 0.682708 0.682708 0.682708
3396.879395 0.000000 94.230301 0.000000 0.960836 0.000000 -0.277119 0.559236 0.559236 0.559236
3401.620605 0.000000 97.659027 0.000000 0.977431 0.000000 -0.211255 0.545701 0.545701 0.545701
3399.429688 0.000000 96.633820 0.000000 0.316940 0.000000 -0.948445 0.788270 0.788270 0.788270
3398.624268 0.000000 97.006180 0.000000 0.286297 0.000000 -0.958141 0.795692 0.795692 0.795692
3356.504150 0.000000 190.992371 0.000000 0.294973 0.000000 -0.955506 0.720595 0.720595 0.720595
3380.456055 0.000000 153.110718 0.000000 0.921660 0.000000 0.387999 0.424149 0.424149 0.424149
3359.928711 0.000000 191.411407 0.000000 0.820423 0.000000 0.571757 0.395913 0.395913 0.395913
3376.406250 0.000000 153.438797 0.000000 0.452617 0.000000 0.891705 0.271837 0.271837 0.271837
3380.535400 0.000000 155.741302 0.000000 0.873103 0.000000 -0.487535 0.587091 0.587091 0.587091
3378.479492 0.000000 153.896759 0.000000 0.198251 0.000000 -0.980151 0.761028 0.761028 0.761028
3381.903320 0.000000 152.227173 0.000000 0.716987 0.000000 -0.697087 0.646831 0.646831 0.646831
3377.625732 0.000000 152.779236 0.000000 0.998882 0.000000 -0.047263 0.509797 0.509797 0.509797
3379.174072 0.000000 152.635147 0.000000 0.547672 0.000000 -0.836693 0.688690 0.688690 0.688690
3376.399414 0.000000 152.371872 0.000000 0.750329 0.000000 0.661065 0.350343 0.350343 0.350343
3357.504639 0.000000 193.727570 0.000000 0.825995 0.000000 0.563677 0.393107 0.393107 0.393107
3344.258057 0.000000 199.456558 0.000000 0.906772 0.000000 -0.421621 0.585568 0.585568 0.585568
3356.133301 0.000000 192.063370 0.000000 0.930422 0.000000 0.366491 0.433019 0.433019 0.433019
3344.769531 0.000000 197.663406 0.000000 0.384255 0.000000 0.923227 0.288541 0.288541 0.288541
3358.191406 0.000000 192.050140 0.000000 0.919429 0.000000 0.393255 0.413980 0.413980 0.413980
3359.135010 0.000000 193.307190 0.000000 0.350598 0.000000 0.936526 0.241924 0.241924 0.241924
3343.197998 0.000000 198.488541 0.000000 0.667047 0.000000 -0.745016 0.656338 0.656338 0.656338
3359.213379 0.000000 192.222580 0.000000 0.169540 0.000000 0.985523 0.201945 0.201945 0.201945
"}
