object={
	name="tree_leaf_01_single_generator_1_0"
	clamp_to_water_level=no
	render_under_water=no
	generated_content=yes
	layer="tree_high_layer"
	pdxmesh="tree_leaf_01_single_a_mesh"
	count=50
	transform="1782.080200 0.000000 446.430115 0.000000 0.482469 0.000000 0.875913 0.636582 0.636582 0.636582
1779.088501 0.000000 448.206421 0.000000 0.806131 0.000000 0.591738 0.680081 0.680081 0.680081
1805.428833 0.000000 440.461975 0.000000 0.671991 0.000000 -0.740560 0.739348 0.739348 0.739348
1811.843872 0.000000 432.372406 0.000000 0.496574 0.000000 0.867994 0.677956 0.677956 0.677956
1804.040161 0.000000 437.247620 0.000000 0.790037 0.000000 0.613059 0.679241 0.679241 0.679241
1808.745361 0.000000 433.017822 0.000000 0.827135 0.000000 -0.562003 0.733375 0.733375 0.733375
1805.460327 0.000000 438.480438 0.000000 0.117492 0.000000 -0.993074 0.826965 0.826965 0.826965
1879.673828 0.000000 434.428406 0.000000 0.891847 0.000000 0.452338 0.669649 0.669649 0.669649
1893.095581 0.000000 441.050690 0.000000 0.992551 0.000000 -0.121828 0.708324 0.708324 0.708324
1885.569336 0.000000 443.336212 0.000000 0.870763 0.000000 -0.491704 0.734137 0.734137 0.734137
1883.092407 0.000000 442.223022 0.000000 0.628581 0.000000 -0.777744 0.796548 0.796548 0.796548
1881.959473 0.000000 435.441162 0.000000 0.635846 0.000000 0.771816 0.615254 0.615254 0.615254
1880.750610 0.000000 432.860779 0.000000 0.972479 0.000000 -0.232990 0.721369 0.721369 0.721369
1825.790161 0.000000 468.919403 0.000000 0.176388 0.000000 0.984321 0.680518 0.680518 0.680518
1792.367310 0.000000 451.297333 0.000000 0.004016 0.000000 -0.999992 0.735595 0.735595 0.735595
1813.573120 0.000000 448.357697 0.000000 0.034530 0.000000 -0.999404 0.710739 0.710739 0.710739
1820.772583 0.000000 463.317200 0.000000 0.341852 0.000000 0.939754 0.691458 0.691458 0.691458
1834.893677 0.000000 469.241913 0.000000 0.432321 0.000000 0.901720 0.658760 0.658760 0.658760
1828.396973 0.000000 464.374451 0.000000 0.982900 0.000000 -0.184142 0.705502 0.705502 0.705502
1822.775513 0.000000 459.332642 0.000000 0.155814 0.000000 -0.987786 0.729660 0.729660 0.729660
1820.427734 0.000000 467.569031 0.000000 0.998564 0.000000 -0.053576 0.701873 0.701873 0.701873
1825.277344 0.000000 461.673218 0.000000 0.817685 0.000000 -0.575666 0.728944 0.728944 0.728944
1818.095825 0.000000 465.210876 0.000000 0.419517 0.000000 -0.907747 0.737782 0.737782 0.737782
1792.769775 0.000000 448.060486 0.000000 0.985889 0.000000 0.167398 0.693534 0.693534 0.693534
1840.406372 0.000000 473.438812 0.000000 0.879309 0.000000 0.476251 0.680915 0.680915 0.680915
1837.792725 0.000000 468.390289 0.000000 0.394562 0.000000 0.918869 0.642984 0.642984 0.642984
1817.502441 0.000000 462.441559 0.000000 0.333062 0.000000 0.942905 0.635449 0.635449 0.635449
1812.695923 0.000000 450.732483 0.000000 0.665985 0.000000 -0.745965 0.777986 0.777986 0.777986
1821.998413 0.000000 465.651703 0.000000 0.832750 0.000000 0.553650 0.667188 0.667188 0.667188
1826.254395 0.000000 463.647949 0.000000 0.786177 0.000000 0.618001 0.623160 0.623160 0.623160
1820.762695 0.000000 458.758423 0.000000 0.936494 0.000000 -0.350684 0.724420 0.724420 0.724420
1813.727051 0.000000 452.411804 0.000000 0.706182 0.000000 -0.708030 0.808612 0.808612 0.808612
1819.350586 0.000000 462.292053 0.000000 0.927877 0.000000 -0.372888 0.737396 0.737396 0.737396
1827.999146 0.000000 462.674957 0.000000 0.990167 0.000000 0.139891 0.683812 0.683812 0.683812
1893.411133 0.000000 448.264557 0.000000 0.932754 0.000000 0.360514 0.659394 0.659394 0.659394
1892.594360 0.000000 449.954773 0.000000 0.992612 0.000000 0.121335 0.686608 0.686608 0.686608
3004.463379 0.000000 299.821075 0.000000 0.964557 0.000000 -0.263876 0.709800 0.709800 0.709800
2997.523926 0.000000 286.232056 0.000000 0.460072 0.000000 0.887882 0.688542 0.688542 0.688542
3000.699219 0.000000 295.607117 0.000000 0.348351 0.000000 0.937364 0.604452 0.604452 0.604452
2999.952393 0.000000 291.111755 0.000000 0.890819 0.000000 -0.454359 0.730497 0.730497 0.730497
2996.878174 0.000000 289.461456 0.000000 0.140730 0.000000 -0.990048 0.797435 0.797435 0.797435
2999.710205 0.000000 288.172577 0.000000 0.651613 0.000000 0.758552 0.648836 0.648836 0.648836
3007.176270 0.000000 298.874695 0.000000 0.327740 0.000000 -0.944768 0.749716 0.749716 0.749716
3001.340332 0.000000 293.163269 0.000000 0.257441 0.000000 0.966294 0.541985 0.541985 0.541985
2999.080078 0.000000 297.417480 0.000000 0.532091 0.000000 0.846687 0.610006 0.610006 0.610006
3009.974854 0.000000 299.022858 0.000000 0.980056 0.000000 0.198723 0.696504 0.696504 0.696504
3013.252441 0.000000 294.042755 0.000000 0.524304 0.000000 -0.851531 0.724929 0.724929 0.724929
3013.248779 0.000000 297.675842 0.000000 0.611312 0.000000 0.791390 0.628194 0.628194 0.628194
3010.518066 0.000000 301.470581 0.000000 0.406360 0.000000 0.913713 0.613407 0.613407 0.613407
3011.909180 0.000000 299.003143 0.000000 0.607492 0.000000 -0.794326 0.799454 0.799454 0.799454
"}
