object={
	name="tree_cypress_01_generator_1_0"
	clamp_to_water_level=no
	render_under_water=no
	generated_content=yes
	layer="tree_high_layer"
	pdxmesh="tree_cypress_01_a_mesh"
	count=250
	transform="1983.100098 0.000000 1722.470459 0.000000 0.655005 0.000000 -0.755625 1.000000 1.000000 1.000000
1978.487793 0.000000 1722.469849 0.000000 0.285647 0.000000 -0.958335 1.000000 1.000000 1.000000
1983.176270 0.000000 1706.874756 0.000000 0.886663 0.000000 -0.462416 1.000000 1.000000 1.000000
2004.968506 0.000000 1723.060669 0.000000 0.411022 0.000000 -0.911625 1.000000 1.000000 1.000000
2040.645386 0.000000 1716.367310 0.000000 0.897362 0.000000 0.441294 1.000000 1.000000 1.000000
2029.650391 0.000000 1716.468506 0.000000 0.432110 0.000000 -0.901821 1.000000 1.000000 1.000000
2022.957764 0.000000 1716.401733 0.000000 0.280578 0.000000 -0.959831 1.000000 1.000000 1.000000
1984.934570 0.000000 1720.146240 0.000000 0.591957 0.000000 -0.805969 1.000000 1.000000 1.000000
1987.764038 0.000000 1711.516235 0.000000 0.409572 0.000000 -0.912278 1.000000 1.000000 1.000000
1989.866211 0.000000 1697.456055 0.000000 0.994371 0.000000 0.105955 1.000000 1.000000 1.000000
2025.959961 0.000000 1719.235596 0.000000 0.346002 0.000000 -0.938234 1.000000 1.000000 1.000000
2005.898193 0.000000 1726.725342 0.000000 0.201028 0.000000 -0.979586 1.000000 1.000000 1.000000
1988.930786 0.000000 1708.693970 0.000000 0.222011 0.000000 0.975044 1.000000 1.000000 1.000000
1987.059570 0.000000 1699.984131 0.000000 0.749409 0.000000 -0.662107 1.000000 1.000000 1.000000
1986.896973 0.000000 1704.012817 0.000000 0.281874 0.000000 0.959451 1.000000 1.000000 1.000000
2025.258911 0.000000 1717.231201 0.000000 0.766636 0.000000 0.642082 1.000000 1.000000 1.000000
2005.573120 0.000000 1728.357666 0.000000 0.961408 0.000000 -0.275128 1.000000 1.000000 1.000000
2037.524048 0.000000 1758.232056 0.000000 0.714602 0.000000 0.699531 1.000000 1.000000 1.000000
2026.611206 0.000000 1775.847168 0.000000 0.256601 0.000000 0.966517 1.000000 1.000000 1.000000
2036.455933 0.000000 1753.110718 0.000000 0.778523 0.000000 0.627616 1.000000 1.000000 1.000000
2039.952515 0.000000 1763.111816 0.000000 0.986221 0.000000 -0.165433 1.000000 1.000000 1.000000
2024.809204 0.000000 1771.521362 0.000000 0.803809 0.000000 0.594887 1.000000 1.000000 1.000000
2040.689331 0.000000 1737.062744 0.000000 0.192150 0.000000 -0.981366 1.000000 1.000000 1.000000
2024.175781 0.000000 1774.330444 0.000000 0.736682 0.000000 0.676239 1.000000 1.000000 1.000000
2045.166260 0.000000 1741.213135 0.000000 0.595760 0.000000 0.803163 1.000000 1.000000 1.000000
2043.440430 0.000000 1743.945068 0.000000 0.900639 0.000000 0.434567 1.000000 1.000000 1.000000
2024.944580 0.000000 1777.631714 0.000000 0.981535 0.000000 0.191284 1.000000 1.000000 1.000000
1850.024048 0.000000 1900.877319 0.000000 0.986965 0.000000 0.160932 1.000000 1.000000 1.000000
1840.187012 0.000000 1898.112427 0.000000 0.611933 0.000000 -0.790910 1.000000 1.000000 1.000000
1843.059814 0.000000 1899.491577 0.000000 0.486307 0.000000 0.873788 1.000000 1.000000 1.000000
1861.467407 0.000000 2034.112061 0.000000 0.848203 0.000000 0.529671 1.000000 1.000000 1.000000
1859.063721 0.000000 2034.984985 0.000000 0.357764 0.000000 0.933812 1.000000 1.000000 1.000000
1856.013550 0.000000 2033.497314 0.000000 0.857288 0.000000 0.514837 1.000000 1.000000 1.000000
1931.854736 0.000000 1999.435059 0.000000 0.999925 0.000000 -0.012285 1.000000 1.000000 1.000000
1934.736938 0.000000 1995.170776 0.000000 0.908105 0.000000 -0.418742 1.000000 1.000000 1.000000
1932.537231 0.000000 1993.006348 0.000000 0.930453 0.000000 -0.366412 1.000000 1.000000 1.000000
1934.881958 0.000000 1993.097046 0.000000 0.699289 0.000000 -0.714839 1.000000 1.000000 1.000000
1930.602051 0.000000 1992.344116 0.000000 0.851345 0.000000 -0.524606 1.000000 1.000000 1.000000
1927.954956 0.000000 1995.723877 0.000000 0.990506 0.000000 -0.137469 1.000000 1.000000 1.000000
1930.167969 0.000000 1996.009644 0.000000 0.382473 0.000000 0.923967 1.000000 1.000000 1.000000
1928.834839 0.000000 1992.392578 0.000000 0.957639 0.000000 -0.287971 1.000000 1.000000 1.000000
1926.824951 0.000000 1996.741699 0.000000 0.761931 0.000000 0.647658 1.000000 1.000000 1.000000
1929.140991 0.000000 1995.381348 0.000000 0.996607 0.000000 0.082310 1.000000 1.000000 1.000000
2124.040039 0.000000 1717.247681 0.000000 0.118287 0.000000 -0.992979 1.000000 1.000000 1.000000
2131.236816 0.000000 1725.685303 0.000000 0.642622 0.000000 -0.766184 1.000000 1.000000 1.000000
2123.076660 0.000000 1719.520386 0.000000 0.904219 0.000000 -0.427069 1.000000 1.000000 1.000000
2081.790039 0.000000 1748.919434 0.000000 0.547692 0.000000 -0.836680 1.000000 1.000000 1.000000
2093.892334 0.000000 1771.312134 0.000000 0.865574 0.000000 -0.500781 1.000000 1.000000 1.000000
2100.888672 0.000000 1735.308228 0.000000 0.953396 0.000000 -0.301722 1.000000 1.000000 1.000000
2090.893799 0.000000 1749.241943 0.000000 0.010956 0.000000 0.999940 1.000000 1.000000 1.000000
2086.374756 0.000000 1748.287109 0.000000 0.045511 0.000000 0.998964 1.000000 1.000000 1.000000
2104.689209 0.000000 1737.062744 0.000000 0.468277 0.000000 0.883582 1.000000 1.000000 1.000000
2111.362305 0.000000 1734.895264 0.000000 0.410743 0.000000 0.911751 1.000000 1.000000 1.000000
2097.708740 0.000000 1772.947754 0.000000 0.973184 0.000000 0.230028 1.000000 1.000000 1.000000
2057.046387 0.000000 1741.519165 0.000000 0.851317 0.000000 -0.524651 1.000000 1.000000 1.000000
2060.537354 0.000000 1737.006348 0.000000 0.349800 0.000000 0.936824 1.000000 1.000000 1.000000
2107.632568 0.000000 1737.393555 0.000000 0.176634 0.000000 0.984277 1.000000 1.000000 1.000000
2088.309814 0.000000 1750.478882 0.000000 0.478791 0.000000 -0.877929 1.000000 1.000000 1.000000
2096.187012 0.000000 1770.112427 0.000000 0.966806 0.000000 0.255512 1.000000 1.000000 1.000000
2097.188232 0.000000 1768.553467 0.000000 0.124078 0.000000 0.992272 1.000000 1.000000 1.000000
2123.378418 0.000000 1728.790649 0.000000 0.732630 0.000000 -0.680627 1.000000 1.000000 1.000000
2133.572998 0.000000 1728.357666 0.000000 0.995141 0.000000 0.098464 1.000000 1.000000 1.000000
2128.590576 0.000000 1731.759033 0.000000 0.509183 0.000000 -0.860658 1.000000 1.000000 1.000000
2124.172119 0.000000 1733.928101 0.000000 0.993938 0.000000 -0.109940 1.000000 1.000000 1.000000
2127.404785 0.000000 1728.101074 0.000000 0.578940 0.000000 0.815370 1.000000 1.000000 1.000000
2128.616943 0.000000 1729.732422 0.000000 0.267847 0.000000 -0.963461 1.000000 1.000000 1.000000
2216.323730 0.000000 1789.959473 0.000000 0.260597 0.000000 0.965448 1.000000 1.000000 1.000000
2226.365723 0.000000 1788.407104 0.000000 0.999145 0.000000 -0.041341 1.000000 1.000000 1.000000
2199.673828 0.000000 1778.428345 0.000000 0.209688 0.000000 0.977768 1.000000 1.000000 1.000000
2189.428711 0.000000 1784.461914 0.000000 0.482727 0.000000 -0.875771 1.000000 1.000000 1.000000
2227.179688 0.000000 1782.579102 0.000000 0.783503 0.000000 -0.621389 1.000000 1.000000 1.000000
2181.573486 0.000000 1791.956909 0.000000 0.561259 0.000000 0.827640 1.000000 1.000000 1.000000
2213.095703 0.000000 1785.050659 0.000000 0.485020 0.000000 0.874503 1.000000 1.000000 1.000000
2203.928955 0.000000 1780.033691 0.000000 0.935237 0.000000 0.354022 1.000000 1.000000 1.000000
2220.478271 0.000000 1790.695435 0.000000 0.857538 0.000000 -0.514421 1.000000 1.000000 1.000000
2193.253906 0.000000 1785.669556 0.000000 0.332218 0.000000 0.943203 1.000000 1.000000 1.000000
2189.613281 0.000000 1787.928223 0.000000 0.875061 0.000000 0.484013 1.000000 1.000000 1.000000
2226.858154 0.000000 1791.878296 0.000000 0.320895 0.000000 -0.947115 1.000000 1.000000 1.000000
2207.157227 0.000000 1780.205078 0.000000 0.982981 0.000000 -0.183705 1.000000 1.000000 1.000000
2210.571045 0.000000 1783.112549 0.000000 0.070675 0.000000 0.997499 1.000000 1.000000 1.000000
2183.353271 0.000000 1789.442749 0.000000 0.156244 0.000000 -0.987718 1.000000 1.000000 1.000000
2214.004639 0.000000 1787.951050 0.000000 0.980368 0.000000 -0.197175 1.000000 1.000000 1.000000
2215.165039 0.000000 1783.206543 0.000000 0.399794 0.000000 -0.916605 1.000000 1.000000 1.000000
2220.732910 0.000000 1783.104614 0.000000 0.991990 0.000000 -0.126319 1.000000 1.000000 1.000000
2224.365479 0.000000 1790.988403 0.000000 0.443855 0.000000 -0.896099 1.000000 1.000000 1.000000
2229.727539 0.000000 1787.854614 0.000000 0.738947 0.000000 0.673763 1.000000 1.000000 1.000000
2226.186768 0.000000 1784.689819 0.000000 0.183892 0.000000 -0.982947 1.000000 1.000000 1.000000
2228.094971 0.000000 1789.647461 0.000000 0.359649 0.000000 -0.933088 1.000000 1.000000 1.000000
2222.033936 0.000000 1784.538818 0.000000 0.546254 0.000000 -0.837619 1.000000 1.000000 1.000000
2219.396240 0.000000 1786.882080 0.000000 0.001914 0.000000 0.999998 1.000000 1.000000 1.000000
2224.698975 0.000000 1787.762817 0.000000 0.662647 0.000000 -0.748932 1.000000 1.000000 1.000000
2221.421387 0.000000 1787.567749 0.000000 0.180834 0.000000 0.983514 1.000000 1.000000 1.000000
2223.615234 0.000000 1789.985474 0.000000 0.987704 0.000000 -0.156338 1.000000 1.000000 1.000000
2225.468750 0.000000 1791.329346 0.000000 0.850459 0.000000 -0.526042 1.000000 1.000000 1.000000
2221.557129 0.000000 1790.749146 0.000000 0.319275 0.000000 -0.947662 1.000000 1.000000 1.000000
2223.345459 0.000000 1791.195190 0.000000 0.765600 0.000000 -0.643317 1.000000 1.000000 1.000000
2223.298828 0.000000 1786.151367 0.000000 0.764922 0.000000 0.644123 1.000000 1.000000 1.000000
2225.729492 0.000000 1789.304077 0.000000 0.124058 0.000000 0.992275 1.000000 1.000000 1.000000
2414.140869 0.000000 1758.295532 0.000000 0.970416 0.000000 -0.241441 1.000000 1.000000 1.000000
2421.523926 0.000000 1758.232056 0.000000 0.264792 0.000000 0.964306 1.000000 1.000000 1.000000
2420.456055 0.000000 1753.110718 0.000000 0.305395 0.000000 0.952226 1.000000 1.000000 1.000000
2417.971924 0.000000 1756.266602 0.000000 0.022133 0.000000 0.999755 1.000000 1.000000 1.000000
2480.281738 0.000000 1749.950928 0.000000 0.349786 0.000000 -0.936830 1.000000 1.000000 1.000000
2483.701172 0.000000 1764.844727 0.000000 0.308314 0.000000 0.951285 1.000000 1.000000 1.000000
2449.064209 0.000000 1745.424316 0.000000 0.087664 0.000000 0.996150 1.000000 1.000000 1.000000
2469.349609 0.000000 1761.140137 0.000000 0.996728 0.000000 -0.080832 1.000000 1.000000 1.000000
2491.275146 0.000000 1754.601440 0.000000 0.274909 0.000000 -0.961470 1.000000 1.000000 1.000000
2457.014648 0.000000 1750.339844 0.000000 0.980128 0.000000 -0.198368 1.000000 1.000000 1.000000
2440.797852 0.000000 1748.335449 0.000000 0.451479 0.000000 0.892282 1.000000 1.000000 1.000000
2471.929932 0.000000 1753.592041 0.000000 0.113785 0.000000 0.993505 1.000000 1.000000 1.000000
2484.456055 0.000000 1753.110718 0.000000 0.941300 0.000000 -0.337570 1.000000 1.000000 1.000000
2445.661377 0.000000 1749.948853 0.000000 0.654991 0.000000 -0.755637 1.000000 1.000000 1.000000
2466.930176 0.000000 1753.593506 0.000000 0.188018 0.000000 0.982166 1.000000 1.000000 1.000000
2473.306641 0.000000 1758.178101 0.000000 0.047151 0.000000 0.998888 1.000000 1.000000 1.000000
2481.971924 0.000000 1756.266602 0.000000 0.707456 0.000000 0.706757 1.000000 1.000000 1.000000
2493.952393 0.000000 1760.699341 0.000000 0.964961 0.000000 0.262394 1.000000 1.000000 1.000000
2444.911865 0.000000 1746.607422 0.000000 0.240555 0.000000 0.970635 1.000000 1.000000 1.000000
2448.860352 0.000000 1751.274780 0.000000 0.917619 0.000000 -0.397462 1.000000 1.000000 1.000000
2484.878174 0.000000 1761.461426 0.000000 0.910404 0.000000 0.413721 1.000000 1.000000 1.000000
2480.406250 0.000000 1753.438843 0.000000 0.949718 0.000000 -0.313106 1.000000 1.000000 1.000000
2487.710205 0.000000 1760.172607 0.000000 0.997681 0.000000 -0.068062 1.000000 1.000000 1.000000
2474.466064 0.000000 1752.355469 0.000000 0.160372 0.000000 -0.987057 1.000000 1.000000 1.000000
2488.841553 0.000000 1757.619507 0.000000 0.952901 0.000000 -0.303282 1.000000 1.000000 1.000000
2443.019043 0.000000 1750.267700 0.000000 0.807446 0.000000 -0.589942 1.000000 1.000000 1.000000
2484.535400 0.000000 1755.741333 0.000000 0.846863 0.000000 -0.531811 1.000000 1.000000 1.000000
2471.549561 0.000000 1756.288452 0.000000 0.384902 0.000000 0.922957 1.000000 1.000000 1.000000
2482.907471 0.000000 1758.654053 0.000000 0.605088 0.000000 -0.796158 1.000000 1.000000 1.000000
2480.499023 0.000000 1758.730347 0.000000 0.663897 0.000000 0.747824 1.000000 1.000000 1.000000
2473.591064 0.000000 1755.176758 0.000000 0.312493 0.000000 -0.949920 1.000000 1.000000 1.000000
2475.168701 0.000000 1754.154297 0.000000 0.269204 0.000000 0.963083 1.000000 1.000000 1.000000
2480.299805 0.000000 1756.954712 0.000000 0.965026 0.000000 -0.262155 1.000000 1.000000 1.000000
2477.491455 0.000000 1756.637207 0.000000 0.153171 0.000000 0.988200 1.000000 1.000000 1.000000
2533.210205 0.000000 1773.929688 0.000000 0.083716 0.000000 -0.996490 1.000000 1.000000 1.000000
2555.275146 0.000000 1754.601440 0.000000 0.958868 0.000000 -0.283852 1.000000 1.000000 1.000000
2541.650391 0.000000 1780.468506 0.000000 0.180610 0.000000 -0.983555 1.000000 1.000000 1.000000
2557.275879 0.000000 1764.162109 0.000000 0.471301 0.000000 -0.881972 1.000000 1.000000 1.000000
2548.677979 0.000000 1774.331421 0.000000 0.965003 0.000000 0.262237 1.000000 1.000000 1.000000
2535.853271 0.000000 1767.449951 0.000000 0.999293 0.000000 0.037592 1.000000 1.000000 1.000000
2547.179688 0.000000 1782.579102 0.000000 0.978741 0.000000 -0.205100 1.000000 1.000000 1.000000
2543.949219 0.000000 1775.976807 0.000000 0.371651 0.000000 -0.928372 1.000000 1.000000 1.000000
2554.787598 0.000000 1759.616577 0.000000 0.723987 0.000000 0.689814 1.000000 1.000000 1.000000
2546.746094 0.000000 1769.668579 0.000000 0.069055 0.000000 0.997613 1.000000 1.000000 1.000000
2553.374268 0.000000 1775.420776 0.000000 0.947909 0.000000 -0.318543 1.000000 1.000000 1.000000
2530.333984 0.000000 1779.662842 0.000000 0.116768 0.000000 -0.993159 1.000000 1.000000 1.000000
2536.809326 0.000000 1771.521362 0.000000 0.717766 0.000000 -0.696284 1.000000 1.000000 1.000000
2554.227295 0.000000 1751.046509 0.000000 0.236435 0.000000 0.971647 1.000000 1.000000 1.000000
2538.376709 0.000000 1779.435547 0.000000 0.952981 0.000000 0.303029 1.000000 1.000000 1.000000
2541.360352 0.000000 1774.471802 0.000000 0.811725 0.000000 0.584040 1.000000 1.000000 1.000000
2542.050293 0.000000 1768.694336 0.000000 0.086389 0.000000 -0.996261 1.000000 1.000000 1.000000
2107.275146 0.000000 1818.601440 0.000000 0.864888 0.000000 0.501965 1.000000 1.000000 1.000000
2101.523926 0.000000 1822.232056 0.000000 0.859669 0.000000 0.510852 1.000000 1.000000 1.000000
2109.435791 0.000000 1812.831055 0.000000 0.689781 0.000000 0.724018 1.000000 1.000000 1.000000
2110.713379 0.000000 1816.471313 0.000000 0.879059 0.000000 -0.476714 1.000000 1.000000 1.000000
2104.841553 0.000000 1821.619507 0.000000 0.721922 0.000000 0.691974 1.000000 1.000000 1.000000
2108.797852 0.000000 1817.260620 0.000000 0.441282 0.000000 -0.897368 1.000000 1.000000 1.000000
2107.037842 0.000000 1816.712036 0.000000 0.855014 0.000000 -0.518604 1.000000 1.000000 1.000000
2103.052246 0.000000 1822.676270 0.000000 0.673595 0.000000 0.739101 1.000000 1.000000 1.000000
2120.167236 0.000000 1821.333374 0.000000 0.310695 0.000000 0.950509 1.000000 1.000000 1.000000
2122.628174 0.000000 1825.324707 0.000000 0.112965 0.000000 0.993599 1.000000 1.000000 1.000000
2125.099854 0.000000 1823.973999 0.000000 0.340298 0.000000 -0.940318 1.000000 1.000000 1.000000
2122.408936 0.000000 1822.619873 0.000000 0.355457 0.000000 -0.934693 1.000000 1.000000 1.000000
2117.270508 0.000000 1827.638672 0.000000 0.417051 0.000000 0.908883 1.000000 1.000000 1.000000
2120.660156 0.000000 1826.055298 0.000000 0.977186 0.000000 -0.212387 1.000000 1.000000 1.000000
2119.333984 0.000000 1829.928467 0.000000 0.213470 0.000000 -0.976950 1.000000 1.000000 1.000000
2118.887939 0.000000 1826.876831 0.000000 0.003619 0.000000 -0.999993 1.000000 1.000000 1.000000
2118.622070 0.000000 1824.082642 0.000000 0.448705 0.000000 0.893680 1.000000 1.000000 1.000000
2121.839600 0.000000 1824.017822 0.000000 0.056104 0.000000 0.998425 1.000000 1.000000 1.000000
2121.675293 0.000000 1828.550171 0.000000 0.668495 0.000000 0.743716 1.000000 1.000000 1.000000
2123.753662 0.000000 1826.714722 0.000000 0.656446 0.000000 0.754373 1.000000 1.000000 1.000000
2225.762695 0.000000 1805.487793 0.000000 0.976234 0.000000 0.216718 1.000000 1.000000 1.000000
2228.888672 0.000000 1799.308228 0.000000 0.692810 0.000000 -0.721120 1.000000 1.000000 1.000000
2217.437256 0.000000 1794.075195 0.000000 0.699010 0.000000 0.715112 1.000000 1.000000 1.000000
2223.760254 0.000000 1798.595703 0.000000 0.471204 0.000000 -0.882024 1.000000 1.000000 1.000000
2220.753418 0.000000 1796.234131 0.000000 0.588747 0.000000 0.808317 1.000000 1.000000 1.000000
2223.689453 0.000000 1802.353760 0.000000 0.939669 0.000000 -0.342084 1.000000 1.000000 1.000000
2220.305664 0.000000 1792.071289 0.000000 0.947868 0.000000 -0.318665 1.000000 1.000000 1.000000
2224.732422 0.000000 1796.006470 0.000000 0.420075 0.000000 0.907489 1.000000 1.000000 1.000000
2226.477783 0.000000 1798.194336 0.000000 0.999922 0.000000 -0.012460 1.000000 1.000000 1.000000
2225.723877 0.000000 1793.977539 0.000000 0.206694 0.000000 0.978406 1.000000 1.000000 1.000000
2221.095215 0.000000 1798.429688 0.000000 0.280765 0.000000 -0.959777 1.000000 1.000000 1.000000
2221.661133 0.000000 1793.647705 0.000000 0.893491 0.000000 0.449081 1.000000 1.000000 1.000000
2223.443604 0.000000 1800.410645 0.000000 0.213511 0.000000 -0.976941 1.000000 1.000000 1.000000
2222.590332 0.000000 1792.062866 0.000000 0.360367 0.000000 0.932811 1.000000 1.000000 1.000000
2226.398438 0.000000 1796.572754 0.000000 0.912078 0.000000 0.410017 1.000000 1.000000 1.000000
2227.911377 0.000000 1797.391235 0.000000 0.214106 0.000000 0.976811 1.000000 1.000000 1.000000
2224.985352 0.000000 1797.559937 0.000000 0.960108 0.000000 -0.279628 1.000000 1.000000 1.000000
2222.372803 0.000000 1799.219727 0.000000 0.223402 0.000000 0.974726 1.000000 1.000000 1.000000
2221.118408 0.000000 1794.937988 0.000000 0.932070 0.000000 0.362277 1.000000 1.000000 1.000000
2221.427979 0.000000 1792.486450 0.000000 0.912085 0.000000 0.410002 1.000000 1.000000 1.000000
2224.774658 0.000000 1793.286133 0.000000 0.330601 0.000000 0.943771 1.000000 1.000000 1.000000
2213.210205 0.000000 1901.929688 0.000000 0.845158 0.000000 -0.534516 1.000000 1.000000 1.000000
2236.463379 0.000000 1899.821045 0.000000 0.342870 0.000000 -0.939383 1.000000 1.000000 1.000000
2214.957764 0.000000 1908.401733 0.000000 0.750367 0.000000 -0.661022 1.000000 1.000000 1.000000
2223.949219 0.000000 1903.976807 0.000000 0.875630 0.000000 0.482982 1.000000 1.000000 1.000000
2233.374268 0.000000 1903.420776 0.000000 0.739066 0.000000 -0.673633 1.000000 1.000000 1.000000
2238.313721 0.000000 1896.150757 0.000000 0.014972 0.000000 -0.999888 1.000000 1.000000 1.000000
2214.725830 0.000000 1905.065430 0.000000 0.055700 0.000000 -0.998448 1.000000 1.000000 1.000000
2221.261963 0.000000 1905.486816 0.000000 0.999543 0.000000 0.030223 1.000000 1.000000 1.000000
2221.360352 0.000000 1902.471802 0.000000 0.838137 0.000000 -0.545459 1.000000 1.000000 1.000000
2234.345215 0.000000 1897.899170 0.000000 0.402869 0.000000 0.915258 1.000000 1.000000 1.000000
2234.024170 0.000000 1900.877319 0.000000 0.830153 0.000000 0.557535 1.000000 1.000000 1.000000
2236.512695 0.000000 1897.554688 0.000000 0.233390 0.000000 0.972383 1.000000 1.000000 1.000000
2217.259033 0.000000 1909.231201 0.000000 0.932976 0.000000 -0.359938 1.000000 1.000000 1.000000
2216.562988 0.000000 1907.533569 0.000000 0.327816 0.000000 0.944742 1.000000 1.000000 1.000000
2219.594482 0.000000 1902.355225 0.000000 0.479775 0.000000 0.877392 1.000000 1.000000 1.000000
2214.154297 0.000000 1909.862915 0.000000 0.616352 0.000000 0.787470 1.000000 1.000000 1.000000
2216.363770 0.000000 1904.069336 0.000000 0.710396 0.000000 -0.703803 1.000000 1.000000 1.000000
2217.964600 0.000000 1906.284424 0.000000 0.027892 0.000000 -0.999611 1.000000 1.000000 1.000000
2241.974854 0.000000 1899.022827 0.000000 0.990632 0.000000 0.136558 1.000000 1.000000 1.000000
2292.677979 0.000000 1966.331421 0.000000 0.896111 0.000000 0.443830 1.000000 1.000000 1.000000
2297.374268 0.000000 1967.420776 0.000000 0.714505 0.000000 -0.699630 1.000000 1.000000 1.000000
2288.097412 0.000000 1958.939331 0.000000 0.859908 0.000000 -0.510449 1.000000 1.000000 1.000000
2292.877197 0.000000 1963.650635 0.000000 0.470004 0.000000 -0.882664 1.000000 1.000000 1.000000
2288.187012 0.000000 1962.112427 0.000000 0.320505 0.000000 -0.947247 1.000000 1.000000 1.000000
2286.050293 0.000000 1960.694336 0.000000 0.872996 0.000000 -0.487727 1.000000 1.000000 1.000000
2280.323730 0.000000 2045.959473 0.000000 0.891416 0.000000 0.453185 1.000000 1.000000 1.000000
2290.365723 0.000000 2044.407104 0.000000 0.857608 0.000000 0.514303 1.000000 1.000000 1.000000
2465.790039 0.000000 1812.919434 0.000000 0.366148 0.000000 -0.930557 1.000000 1.000000 1.000000
2491.275146 0.000000 1818.601440 0.000000 0.872826 0.000000 -0.488032 1.000000 1.000000 1.000000
2473.543945 0.000000 1808.418701 0.000000 0.078014 0.000000 0.996952 1.000000 1.000000 1.000000
2471.929932 0.000000 1817.592041 0.000000 0.553530 0.000000 0.832830 1.000000 1.000000 1.000000
2493.435791 0.000000 1812.831055 0.000000 0.699270 0.000000 -0.714857 1.000000 1.000000 1.000000
2484.456055 0.000000 1817.110718 0.000000 0.235116 0.000000 0.971967 1.000000 1.000000 1.000000
2474.893799 0.000000 1813.241943 0.000000 0.997029 0.000000 -0.077027 1.000000 1.000000 1.000000
2470.374756 0.000000 1812.287109 0.000000 0.886672 0.000000 0.462399 1.000000 1.000000 1.000000
2481.971924 0.000000 1820.266602 0.000000 0.703227 0.000000 0.710965 1.000000 1.000000 1.000000
2494.713379 0.000000 1816.471313 0.000000 0.810881 0.000000 0.585211 1.000000 1.000000 1.000000
2490.227295 0.000000 1815.046509 0.000000 0.247794 0.000000 0.968813 1.000000 1.000000 1.000000
2496.229248 0.000000 1816.886719 0.000000 0.753229 0.000000 0.657759 1.000000 1.000000 1.000000
2619.275146 0.000000 1754.601440 0.000000 0.045709 0.000000 -0.998955 1.000000 1.000000 1.000000
2560.331299 0.000000 1766.835327 0.000000 0.585182 0.000000 -0.810902 1.000000 1.000000 1.000000
2609.663330 0.000000 1760.828247 0.000000 0.874870 0.000000 0.484357 1.000000 1.000000 1.000000
2608.097412 0.000000 1766.939331 0.000000 0.151768 0.000000 0.988416 1.000000 1.000000 1.000000
2602.376709 0.000000 1779.435547 0.000000 0.003347 0.000000 -0.999994 1.000000 1.000000 1.000000
1873.064331 0.000000 2065.424316 0.000000 0.997572 0.000000 -0.069643 1.000000 1.000000 1.000000
1864.797729 0.000000 2068.335449 0.000000 0.621102 0.000000 -0.783729 1.000000 1.000000 1.000000
1878.726440 0.000000 2062.325928 0.000000 0.432034 0.000000 -0.901857 1.000000 1.000000 1.000000
1867.854736 0.000000 2063.435059 0.000000 0.270368 0.000000 0.962757 1.000000 1.000000 1.000000
1884.427734 0.000000 2067.569092 0.000000 0.678072 0.000000 0.734996 1.000000 1.000000 1.000000
1888.448853 0.000000 2065.080078 0.000000 0.606033 0.000000 0.795439 1.000000 1.000000 1.000000
1889.277344 0.000000 2061.673096 0.000000 0.264695 0.000000 -0.964332 1.000000 1.000000 1.000000
1882.095825 0.000000 2065.210938 0.000000 0.546287 0.000000 0.837598 1.000000 1.000000 1.000000
1867.949829 0.000000 2060.437256 0.000000 0.978350 0.000000 -0.206958 1.000000 1.000000 1.000000
1881.502441 0.000000 2062.441650 0.000000 0.864278 0.000000 -0.503015 1.000000 1.000000 1.000000
1888.390747 0.000000 2067.297119 0.000000 0.456474 0.000000 0.889737 1.000000 1.000000 1.000000
1869.871216 0.000000 2061.083252 0.000000 0.825035 0.000000 -0.565081 1.000000 1.000000 1.000000
1883.350586 0.000000 2062.291992 0.000000 0.821077 0.000000 -0.570817 1.000000 1.000000 1.000000
1883.274170 0.000000 2063.960449 0.000000 0.995559 0.000000 0.094143 1.000000 1.000000 1.000000
1886.891357 0.000000 2064.202393 0.000000 0.998160 0.000000 0.060633 1.000000 1.000000 1.000000
2287.553467 0.000000 2049.431885 0.000000 0.521800 0.000000 -0.853068 1.000000 1.000000 1.000000
"}
object={
	name="tree_cypress_01_generator_1_1"
	clamp_to_water_level=no
	render_under_water=no
	generated_content=yes
	layer="tree_high_layer"
	pdxmesh="tree_cypress_01_b_mesh"
	count=168
	transform="1980.728638 0.000000 1719.943481 0.000000 0.986791 0.000000 0.161998 1.000000 1.000000 1.000000
1982.313843 0.000000 1704.150757 0.000000 0.775429 0.000000 0.631434 1.000000 1.000000 1.000000
1985.974854 0.000000 1707.022827 0.000000 0.255813 0.000000 -0.966726 1.000000 1.000000 1.000000
1992.561401 0.000000 1713.880981 0.000000 0.613586 0.000000 0.789628 1.000000 1.000000 1.000000
1984.712646 0.000000 1698.175537 0.000000 0.248691 0.000000 -0.968583 1.000000 1.000000 1.000000
1989.252441 0.000000 1702.042725 0.000000 0.832983 0.000000 -0.553299 1.000000 1.000000 1.000000
2041.374146 0.000000 1711.420776 0.000000 0.854036 0.000000 -0.520215 1.000000 1.000000 1.000000
1984.331177 0.000000 1702.835327 0.000000 0.309394 0.000000 -0.950934 1.000000 1.000000 1.000000
2009.065674 0.000000 1724.302246 0.000000 0.847891 0.000000 0.530170 1.000000 1.000000 1.000000
2036.107300 0.000000 1714.510132 0.000000 0.339414 0.000000 0.940637 1.000000 1.000000 1.000000
2039.588867 0.000000 1707.575195 0.000000 0.036592 0.000000 -0.999330 1.000000 1.000000 1.000000
2026.376709 0.000000 1715.435547 0.000000 0.804210 0.000000 -0.594345 1.000000 1.000000 1.000000
1984.085083 0.000000 1705.292480 0.000000 0.993004 0.000000 -0.118079 1.000000 1.000000 1.000000
2039.374512 0.000000 1710.087524 0.000000 0.038894 0.000000 0.999243 1.000000 1.000000 1.000000
2021.210205 0.000000 1773.929688 0.000000 0.055524 0.000000 -0.998457 1.000000 1.000000 1.000000
2042.416138 0.000000 1741.527710 0.000000 0.991108 0.000000 0.133060 1.000000 1.000000 1.000000
2007.480469 0.000000 1733.307617 0.000000 0.199815 0.000000 0.979834 1.000000 1.000000 1.000000
2046.278442 0.000000 1743.923340 0.000000 0.111703 0.000000 0.993742 1.000000 1.000000 1.000000
2009.606445 0.000000 1728.135986 0.000000 0.916246 0.000000 -0.400617 1.000000 1.000000 1.000000
2021.207153 0.000000 1770.217529 0.000000 0.236842 0.000000 0.971548 1.000000 1.000000 1.000000
2022.725830 0.000000 1777.065430 0.000000 0.029179 0.000000 -0.999574 1.000000 1.000000 1.000000
2007.735352 0.000000 1730.405151 0.000000 0.995986 0.000000 0.089511 1.000000 1.000000 1.000000
1860.492310 0.000000 2037.102539 0.000000 0.962779 0.000000 0.270288 1.000000 1.000000 1.000000
1857.475708 0.000000 2032.701904 0.000000 0.951751 0.000000 0.306872 1.000000 1.000000 1.000000
1932.172119 0.000000 1989.928101 0.000000 0.494455 0.000000 0.869203 1.000000 1.000000 1.000000
1933.905029 0.000000 1991.240967 0.000000 0.329825 0.000000 -0.944042 1.000000 1.000000 1.000000
1927.628052 0.000000 1993.790527 0.000000 0.791121 0.000000 -0.611659 1.000000 1.000000 1.000000
1930.802002 0.000000 1997.906982 0.000000 0.991136 0.000000 0.132850 1.000000 1.000000 1.000000
1931.362305 0.000000 1994.208984 0.000000 0.978811 0.000000 -0.204766 1.000000 1.000000 1.000000
2125.428711 0.000000 1720.461914 0.000000 0.358668 0.000000 -0.933465 1.000000 1.000000 1.000000
2128.370361 0.000000 1726.160278 0.000000 0.980232 0.000000 0.197852 1.000000 1.000000 1.000000
2120.725830 0.000000 1718.708008 0.000000 0.986350 0.000000 0.164663 1.000000 1.000000 1.000000
2133.898193 0.000000 1726.725342 0.000000 0.416621 0.000000 -0.909080 1.000000 1.000000 1.000000
2125.613281 0.000000 1723.928223 0.000000 0.567555 0.000000 0.823335 1.000000 1.000000 1.000000
2127.138184 0.000000 1717.559326 0.000000 0.995738 0.000000 0.092230 1.000000 1.000000 1.000000
2128.036865 0.000000 1723.841064 0.000000 0.774487 0.000000 0.632590 1.000000 1.000000 1.000000
2125.460449 0.000000 1718.480469 0.000000 0.415444 0.000000 -0.909619 1.000000 1.000000 1.000000
2099.701172 0.000000 1764.844727 0.000000 0.280775 0.000000 0.959774 1.000000 1.000000 1.000000
2057.671875 0.000000 1738.250977 0.000000 0.846325 0.000000 0.532667 1.000000 1.000000 1.000000
2107.670166 0.000000 1734.378418 0.000000 0.172500 0.000000 0.985009 1.000000 1.000000 1.000000
2098.746094 0.000000 1769.668579 0.000000 0.786693 0.000000 -0.617344 1.000000 1.000000 1.000000
2110.265381 0.000000 1738.700684 0.000000 0.946227 0.000000 0.323503 1.000000 1.000000 1.000000
2057.280762 0.000000 1734.682617 0.000000 0.946796 0.000000 -0.321833 1.000000 1.000000 1.000000
2109.418213 0.000000 1736.048462 0.000000 0.243242 0.000000 -0.969966 1.000000 1.000000 1.000000
2125.661133 0.000000 1730.814941 0.000000 0.456110 0.000000 -0.889923 1.000000 1.000000 1.000000
2207.319092 0.000000 1783.947632 0.000000 0.037524 0.000000 0.999296 1.000000 1.000000 1.000000
2221.650391 0.000000 1780.468506 0.000000 0.822994 0.000000 0.568050 1.000000 1.000000 1.000000
2194.083252 0.000000 1780.457397 0.000000 0.950922 0.000000 0.309431 1.000000 1.000000 1.000000
2220.949707 0.000000 1786.235962 0.000000 0.792707 0.000000 0.609603 1.000000 1.000000 1.000000
2201.708008 0.000000 1783.805664 0.000000 0.730509 0.000000 -0.682903 1.000000 1.000000 1.000000
2216.925537 0.000000 1786.553467 0.000000 0.911409 0.000000 -0.411501 1.000000 1.000000 1.000000
2223.181396 0.000000 1788.684937 0.000000 0.999985 0.000000 -0.005480 1.000000 1.000000 1.000000
2228.370850 0.000000 1785.659180 0.000000 0.347614 0.000000 0.937638 1.000000 1.000000 1.000000
2195.208252 0.000000 1783.416626 0.000000 0.985862 0.000000 0.167560 1.000000 1.000000 1.000000
2224.562744 0.000000 1786.309326 0.000000 0.999733 0.000000 -0.023108 1.000000 1.000000 1.000000
2187.688965 0.000000 1786.299438 0.000000 0.248629 0.000000 0.968599 1.000000 1.000000 1.000000
2218.766113 0.000000 1785.304077 0.000000 0.900132 0.000000 0.435617 1.000000 1.000000 1.000000
2222.349854 0.000000 1791.578979 0.000000 0.119261 0.000000 0.992863 1.000000 1.000000 1.000000
2226.666260 0.000000 1786.450073 0.000000 0.508261 0.000000 0.861203 1.000000 1.000000 1.000000
2222.597412 0.000000 1786.933960 0.000000 0.272948 0.000000 -0.962029 1.000000 1.000000 1.000000
2226.006836 0.000000 1790.305542 0.000000 0.448411 0.000000 -0.893827 1.000000 1.000000 1.000000
2228.015869 0.000000 1787.520264 0.000000 0.311860 0.000000 -0.950128 1.000000 1.000000 1.000000
2224.687988 0.000000 1789.326294 0.000000 0.008592 0.000000 -0.999963 1.000000 1.000000 1.000000
2220.168457 0.000000 1788.091309 0.000000 0.650102 0.000000 -0.759847 1.000000 1.000000 1.000000
2227.259033 0.000000 1790.576782 0.000000 0.571318 0.000000 0.820729 1.000000 1.000000 1.000000
2223.723145 0.000000 1787.139282 0.000000 0.340860 0.000000 -0.940114 1.000000 1.000000 1.000000
2222.183838 0.000000 1788.329346 0.000000 0.854636 0.000000 0.519227 1.000000 1.000000 1.000000
2416.281738 0.000000 1749.950928 0.000000 0.988037 0.000000 -0.154215 1.000000 1.000000 1.000000
2412.970947 0.000000 1753.687256 0.000000 0.446947 0.000000 0.894560 1.000000 1.000000 1.000000
2478.140869 0.000000 1758.295532 0.000000 0.672024 0.000000 -0.740529 1.000000 1.000000 1.000000
2485.523926 0.000000 1758.232056 0.000000 0.943323 0.000000 0.331875 1.000000 1.000000 1.000000
2451.874268 0.000000 1749.486328 0.000000 0.620418 0.000000 0.784272 1.000000 1.000000 1.000000
2490.787598 0.000000 1759.616577 0.000000 0.523792 0.000000 -0.851846 1.000000 1.000000 1.000000
2442.125244 0.000000 1752.783813 0.000000 0.362901 0.000000 -0.931828 1.000000 1.000000 1.000000
2487.952393 0.000000 1763.111816 0.000000 0.726339 0.000000 0.687337 1.000000 1.000000 1.000000
2481.663330 0.000000 1760.828247 0.000000 0.948598 0.000000 0.316484 1.000000 1.000000 1.000000
2469.122314 0.000000 1756.998779 0.000000 0.956244 0.000000 -0.292572 1.000000 1.000000 1.000000
2487.571289 0.000000 1755.262817 0.000000 0.665806 0.000000 -0.746125 1.000000 1.000000 1.000000
2445.301758 0.000000 1753.126831 0.000000 0.474277 0.000000 -0.880376 1.000000 1.000000 1.000000
2475.747070 0.000000 1756.383545 0.000000 0.962343 0.000000 0.271837 1.000000 1.000000 1.000000
2448.442627 0.000000 1748.322998 0.000000 0.634359 0.000000 0.773038 1.000000 1.000000 1.000000
2454.151123 0.000000 1751.355591 0.000000 0.470380 0.000000 -0.882464 1.000000 1.000000 1.000000
2490.773682 0.000000 1762.637329 0.000000 0.956153 0.000000 0.292868 1.000000 1.000000 1.000000
2478.923584 0.000000 1755.676880 0.000000 0.891023 0.000000 0.453958 1.000000 1.000000 1.000000
2552.645264 0.000000 1780.367310 0.000000 0.994011 0.000000 -0.109276 1.000000 1.000000 1.000000
2547.701172 0.000000 1764.844727 0.000000 0.883012 0.000000 -0.469350 1.000000 1.000000 1.000000
2496.712646 0.000000 1762.175537 0.000000 0.414083 0.000000 -0.910239 1.000000 1.000000 1.000000
2541.892334 0.000000 1771.312134 0.000000 0.945351 0.000000 -0.326055 1.000000 1.000000 1.000000
2551.376709 0.000000 1748.529785 0.000000 0.986192 0.000000 -0.165608 1.000000 1.000000 1.000000
2534.957764 0.000000 1780.401733 0.000000 0.338158 0.000000 -0.941089 1.000000 1.000000 1.000000
2558.173340 0.000000 1779.099121 0.000000 0.849457 0.000000 -0.527658 1.000000 1.000000 1.000000
2538.611328 0.000000 1775.847168 0.000000 0.234292 0.000000 0.972166 1.000000 1.000000 1.000000
2551.659180 0.000000 1785.764648 0.000000 0.988667 0.000000 0.150128 1.000000 1.000000 1.000000
2539.523193 0.000000 1768.381348 0.000000 0.955395 0.000000 -0.295331 1.000000 1.000000 1.000000
2544.907471 0.000000 1779.574097 0.000000 0.105956 0.000000 0.994371 1.000000 1.000000 1.000000
2541.261963 0.000000 1777.486816 0.000000 0.060917 0.000000 0.998143 1.000000 1.000000 1.000000
2539.321777 0.000000 1772.613647 0.000000 0.644512 0.000000 -0.764594 1.000000 1.000000 1.000000
2099.701172 0.000000 1828.844727 0.000000 0.957058 0.000000 0.289896 1.000000 1.000000 1.000000
2100.878174 0.000000 1825.461426 0.000000 0.296849 0.000000 -0.954925 1.000000 1.000000 1.000000
2108.650391 0.000000 1815.208740 0.000000 0.888408 0.000000 -0.459055 1.000000 1.000000 1.000000
2105.513916 0.000000 1819.779663 0.000000 0.625268 0.000000 0.780410 1.000000 1.000000 1.000000
2123.373291 0.000000 1829.818604 0.000000 0.568949 0.000000 0.822373 1.000000 1.000000 1.000000
2120.186768 0.000000 1828.134155 0.000000 0.703054 0.000000 -0.711137 1.000000 1.000000 1.000000
2120.366455 0.000000 1831.641602 0.000000 0.392225 0.000000 0.919869 1.000000 1.000000 1.000000
2125.280762 0.000000 1827.118530 0.000000 0.668548 0.000000 0.743669 1.000000 1.000000 1.000000
2124.453613 0.000000 1825.579346 0.000000 0.948683 0.000000 -0.316228 1.000000 1.000000 1.000000
2120.982178 0.000000 1824.903809 0.000000 0.989792 0.000000 -0.142520 1.000000 1.000000 1.000000
2122.352783 0.000000 1826.475098 0.000000 0.599687 0.000000 0.800234 1.000000 1.000000 1.000000
2120.006592 0.000000 1827.068481 0.000000 0.903182 0.000000 0.429257 1.000000 1.000000 1.000000
2231.058105 0.000000 1792.752075 0.000000 0.950037 0.000000 -0.312138 1.000000 1.000000 1.000000
2218.987793 0.000000 1799.951660 0.000000 0.272485 0.000000 0.962160 1.000000 1.000000 1.000000
2223.553467 0.000000 1793.432007 0.000000 0.154230 0.000000 -0.988035 1.000000 1.000000 1.000000
2221.615234 0.000000 1800.482056 0.000000 0.938118 0.000000 -0.346316 1.000000 1.000000 1.000000
2225.436279 0.000000 1800.522949 0.000000 0.579850 0.000000 -0.814723 1.000000 1.000000 1.000000
2229.523193 0.000000 1797.213379 0.000000 0.966660 0.000000 -0.256064 1.000000 1.000000 1.000000
2219.739990 0.000000 1794.272217 0.000000 0.716186 0.000000 0.697909 1.000000 1.000000 1.000000
2218.958252 0.000000 1797.742920 0.000000 0.238974 0.000000 -0.971026 1.000000 1.000000 1.000000
2228.954102 0.000000 1793.288330 0.000000 0.885081 0.000000 -0.465437 1.000000 1.000000 1.000000
2222.709229 0.000000 1795.361328 0.000000 0.873118 0.000000 0.487509 1.000000 1.000000 1.000000
2218.307129 0.000000 1795.900024 0.000000 0.544948 0.000000 -0.838470 1.000000 1.000000 1.000000
2224.911133 0.000000 1792.058228 0.000000 0.771891 0.000000 -0.635755 1.000000 1.000000 1.000000
2227.163330 0.000000 1799.918091 0.000000 0.488384 0.000000 -0.872629 1.000000 1.000000 1.000000
2225.116943 0.000000 1799.123657 0.000000 0.967487 0.000000 -0.252921 1.000000 1.000000 1.000000
2224.367188 0.000000 1794.637207 0.000000 0.982783 0.000000 -0.184765 1.000000 1.000000 1.000000
2223.739258 0.000000 1796.880127 0.000000 0.990553 0.000000 0.137128 1.000000 1.000000 1.000000
2226.154297 0.000000 1795.244385 0.000000 0.916009 0.000000 0.401158 1.000000 1.000000 1.000000
2225.987305 0.000000 1792.744263 0.000000 0.915383 0.000000 0.402583 1.000000 1.000000 1.000000
2223.752930 0.000000 1792.025757 0.000000 0.596338 0.000000 -0.802733 1.000000 1.000000 1.000000
2221.892334 0.000000 1899.312134 0.000000 0.748117 0.000000 0.663567 1.000000 1.000000 1.000000
2218.611328 0.000000 1903.847168 0.000000 0.609453 0.000000 -0.792822 1.000000 1.000000 1.000000
2218.376709 0.000000 1907.435547 0.000000 0.998767 0.000000 -0.049639 1.000000 1.000000 1.000000
2235.566895 0.000000 1894.746704 0.000000 0.999892 0.000000 0.014725 1.000000 1.000000 1.000000
2216.175781 0.000000 1902.330444 0.000000 0.171161 0.000000 0.985243 1.000000 1.000000 1.000000
2239.176270 0.000000 1898.874756 0.000000 0.404664 0.000000 -0.914466 1.000000 1.000000 1.000000
2219.321777 0.000000 1900.613647 0.000000 0.672281 0.000000 -0.740296 1.000000 1.000000 1.000000
2216.944580 0.000000 1905.631714 0.000000 0.120493 0.000000 0.992714 1.000000 1.000000 1.000000
2215.745361 0.000000 1905.714355 0.000000 0.729489 0.000000 -0.683992 1.000000 1.000000 1.000000
2295.588867 0.000000 1963.575195 0.000000 0.991918 0.000000 -0.126881 1.000000 1.000000 1.000000
2289.708740 0.000000 1964.947754 0.000000 0.831153 0.000000 -0.556044 1.000000 1.000000 1.000000
2284.949707 0.000000 2042.235962 0.000000 0.783931 0.000000 -0.620847 1.000000 1.000000 1.000000
2287.181396 0.000000 2044.684937 0.000000 0.490872 0.000000 0.871232 1.000000 1.000000 1.000000
2485.523926 0.000000 1822.232056 0.000000 0.885012 0.000000 0.465567 1.000000 1.000000 1.000000
2490.787598 0.000000 1823.616577 0.000000 0.463510 0.000000 0.886092 1.000000 1.000000 1.000000
2468.396973 0.000000 1808.374512 0.000000 0.851055 0.000000 -0.525076 1.000000 1.000000 1.000000
2494.972656 0.000000 1821.459717 0.000000 0.527652 0.000000 -0.849461 1.000000 1.000000 1.000000
2496.712646 0.000000 1826.175537 0.000000 0.356136 0.000000 -0.934434 1.000000 1.000000 1.000000
2499.025879 0.000000 1821.487427 0.000000 0.276675 0.000000 0.960964 1.000000 1.000000 1.000000
2611.701172 0.000000 1764.844727 0.000000 0.556776 0.000000 0.830663 1.000000 1.000000 1.000000
2605.650391 0.000000 1780.468506 0.000000 0.433540 0.000000 0.901134 1.000000 1.000000 1.000000
2560.712646 0.000000 1762.175537 0.000000 0.509003 0.000000 -0.860765 1.000000 1.000000 1.000000
2605.892334 0.000000 1771.312134 0.000000 0.768250 0.000000 -0.640150 1.000000 1.000000 1.000000
2606.140869 0.000000 1758.295532 0.000000 0.067285 0.000000 -0.997734 1.000000 1.000000 1.000000
2605.218750 0.000000 1764.399780 0.000000 0.099260 0.000000 -0.995062 1.000000 1.000000 1.000000
2607.949219 0.000000 1775.976807 0.000000 0.773919 0.000000 -0.633285 1.000000 1.000000 1.000000
2605.261963 0.000000 1777.486816 0.000000 0.842628 0.000000 -0.538496 1.000000 1.000000 1.000000
2605.360352 0.000000 1774.471802 0.000000 0.507316 0.000000 -0.861760 1.000000 1.000000 1.000000
2607.397461 0.000000 1773.136353 0.000000 0.012909 0.000000 -0.999917 1.000000 1.000000 1.000000
1892.396973 0.000000 2064.374512 0.000000 0.088425 0.000000 0.996083 1.000000 1.000000 1.000000
1883.393677 0.000000 2060.328369 0.000000 0.620726 0.000000 -0.784027 1.000000 1.000000 1.000000
1886.910645 0.000000 2068.855225 0.000000 0.062327 0.000000 0.998056 1.000000 1.000000 1.000000
1873.357056 0.000000 2058.443604 0.000000 0.551079 0.000000 -0.834453 1.000000 1.000000 1.000000
1885.998413 0.000000 2065.651611 0.000000 0.357493 0.000000 -0.933916 1.000000 1.000000 1.000000
1887.094360 0.000000 2062.609375 0.000000 0.967440 0.000000 -0.253100 1.000000 1.000000 1.000000
1872.452393 0.000000 2060.535400 0.000000 0.898135 0.000000 0.439721 1.000000 1.000000 1.000000
1870.881958 0.000000 2057.097168 0.000000 0.981650 0.000000 0.190693 1.000000 1.000000 1.000000
1890.241943 0.000000 2065.576172 0.000000 0.738132 0.000000 0.674656 1.000000 1.000000 1.000000
1886.382446 0.000000 2067.266357 0.000000 0.793876 0.000000 -0.608080 1.000000 1.000000 1.000000
1874.128784 0.000000 2059.840576 0.000000 0.984915 0.000000 -0.173039 1.000000 1.000000 1.000000
"}
object={
	name="tree_cypress_01_generator_1_2"
	clamp_to_water_level=no
	render_under_water=no
	generated_content=yes
	layer="tree_high_layer"
	pdxmesh="tree_cypress_01_c_mesh"
	count=116
	transform="1980.463379 0.000000 1707.821045 0.000000 0.809335 0.000000 -0.587348 1.000000 1.000000 1.000000
2044.463379 0.000000 1707.821045 0.000000 0.998357 0.000000 -0.057297 1.000000 1.000000 1.000000
2036.677856 0.000000 1710.331421 0.000000 0.981932 0.000000 -0.189237 1.000000 1.000000 1.000000
1992.257080 0.000000 1707.504028 0.000000 0.074051 0.000000 -0.997254 1.000000 1.000000 1.000000
2021.095581 0.000000 1721.050659 0.000000 0.492085 0.000000 -0.870547 1.000000 1.000000 1.000000
1989.248779 0.000000 1705.675903 0.000000 0.503586 0.000000 -0.863945 1.000000 1.000000 1.000000
1991.334717 0.000000 1710.736206 0.000000 0.945913 0.000000 0.324420 1.000000 1.000000 1.000000
2039.016235 0.000000 1713.444336 0.000000 0.103588 0.000000 0.994620 1.000000 1.000000 1.000000
1986.518188 0.000000 1709.470581 0.000000 0.926839 0.000000 -0.375460 1.000000 1.000000 1.000000
2023.853149 0.000000 1767.449951 0.000000 0.427533 0.000000 0.904000 1.000000 1.000000 1.000000
2036.878174 0.000000 1761.461426 0.000000 0.836693 0.000000 -0.547672 1.000000 1.000000 1.000000
2039.710083 0.000000 1760.172607 0.000000 0.725091 0.000000 -0.688653 1.000000 1.000000 1.000000
2022.786133 0.000000 1772.402954 0.000000 0.150943 0.000000 -0.988542 1.000000 1.000000 1.000000
1845.457520 0.000000 1895.845825 0.000000 0.997910 0.000000 -0.064625 1.000000 1.000000 1.000000
1845.197632 0.000000 1897.737915 0.000000 0.835394 0.000000 0.549651 1.000000 1.000000 1.000000
1859.894775 0.000000 2033.421387 0.000000 0.979692 0.000000 -0.200507 1.000000 1.000000 1.000000
1861.232544 0.000000 2032.369995 0.000000 0.284171 0.000000 0.958774 1.000000 1.000000 1.000000
1929.280884 0.000000 1990.682617 0.000000 0.999755 0.000000 -0.022142 1.000000 1.000000 1.000000
1931.949829 0.000000 1996.437378 0.000000 0.963562 0.000000 -0.267484 1.000000 1.000000 1.000000
1925.529907 0.000000 1997.630005 0.000000 0.993686 0.000000 0.112200 1.000000 1.000000 1.000000
1932.901489 0.000000 1994.833862 0.000000 0.905388 0.000000 0.424584 1.000000 1.000000 1.000000
2132.968506 0.000000 1723.060669 0.000000 0.040398 0.000000 -0.999184 1.000000 1.000000 1.000000
2130.083252 0.000000 1716.457397 0.000000 0.725537 0.000000 0.688183 1.000000 1.000000 1.000000
2129.253906 0.000000 1721.669556 0.000000 0.088501 0.000000 -0.996076 1.000000 1.000000 1.000000
2127.776367 0.000000 1719.863892 0.000000 0.969550 0.000000 -0.244894 1.000000 1.000000 1.000000
2126.964355 0.000000 1722.015747 0.000000 0.184621 0.000000 0.982810 1.000000 1.000000 1.000000
2049.500977 0.000000 1743.862915 0.000000 0.997330 0.000000 0.073031 1.000000 1.000000 1.000000
2106.416260 0.000000 1741.527710 0.000000 0.350590 0.000000 0.936529 1.000000 1.000000 1.000000
2087.929932 0.000000 1753.592041 0.000000 0.897146 0.000000 0.441735 1.000000 1.000000 1.000000
2059.854736 0.000000 1743.435059 0.000000 0.791832 0.000000 -0.610739 1.000000 1.000000 1.000000
2096.097412 0.000000 1766.939331 0.000000 0.935422 0.000000 -0.353533 1.000000 1.000000 1.000000
2059.949951 0.000000 1740.437378 0.000000 0.339610 0.000000 0.940566 1.000000 1.000000 1.000000
2094.050293 0.000000 1768.694336 0.000000 0.656608 0.000000 -0.754232 1.000000 1.000000 1.000000
2058.602051 0.000000 1736.344116 0.000000 0.997630 0.000000 -0.068803 1.000000 1.000000 1.000000
2130.536133 0.000000 1729.220215 0.000000 0.993009 0.000000 0.118039 1.000000 1.000000 1.000000
2181.561279 0.000000 1786.570312 0.000000 0.808635 0.000000 0.588311 1.000000 1.000000 1.000000
2214.957764 0.000000 1780.401733 0.000000 0.999691 0.000000 0.024861 1.000000 1.000000 1.000000
2186.362305 0.000000 1789.712769 0.000000 0.891669 0.000000 -0.452687 1.000000 1.000000 1.000000
2217.959961 0.000000 1783.235596 0.000000 0.752029 0.000000 0.659130 1.000000 1.000000 1.000000
2230.080322 0.000000 1790.430054 0.000000 0.112309 0.000000 0.993673 1.000000 1.000000 1.000000
2223.768066 0.000000 1783.587402 0.000000 0.993316 0.000000 -0.115429 1.000000 1.000000 1.000000
2185.161621 0.000000 1786.236450 0.000000 0.822883 0.000000 -0.568210 1.000000 1.000000 1.000000
2218.903809 0.000000 1788.461426 0.000000 0.274046 0.000000 0.961717 1.000000 1.000000 1.000000
2214.937500 0.000000 1786.081177 0.000000 0.835293 0.000000 0.549806 1.000000 1.000000 1.000000
2221.178711 0.000000 1788.881958 0.000000 0.069836 0.000000 0.997558 1.000000 1.000000 1.000000
2216.439209 0.000000 1784.656738 0.000000 0.663215 0.000000 -0.748429 1.000000 1.000000 1.000000
2218.856201 0.000000 1790.255371 0.000000 0.680818 0.000000 0.732452 1.000000 1.000000 1.000000
2220.275391 0.000000 1784.702515 0.000000 0.455888 0.000000 -0.890037 1.000000 1.000000 1.000000
2222.397705 0.000000 1790.033325 0.000000 0.916106 0.000000 -0.400936 1.000000 1.000000 1.000000
2223.635254 0.000000 1785.103027 0.000000 0.814560 0.000000 -0.580079 1.000000 1.000000 1.000000
2225.615723 0.000000 1787.014771 0.000000 0.995044 0.000000 -0.099436 1.000000 1.000000 1.000000
2448.207520 0.000000 1754.596069 0.000000 0.998306 0.000000 0.058185 1.000000 1.000000 1.000000
2493.275879 0.000000 1764.162109 0.000000 0.477966 0.000000 -0.878379 1.000000 1.000000 1.000000
2488.699219 0.000000 1767.607056 0.000000 0.638692 0.000000 -0.769462 1.000000 1.000000 1.000000
2453.501221 0.000000 1754.272583 0.000000 0.585760 0.000000 0.810485 1.000000 1.000000 1.000000
2476.970947 0.000000 1753.687256 0.000000 0.956307 0.000000 0.292364 1.000000 1.000000 1.000000
2450.725342 0.000000 1753.385376 0.000000 0.382954 0.000000 -0.923767 1.000000 1.000000 1.000000
2478.680176 0.000000 1761.104980 0.000000 0.339159 0.000000 -0.940729 1.000000 1.000000 1.000000
2469.556152 0.000000 1754.277466 0.000000 0.303465 0.000000 0.952842 1.000000 1.000000 1.000000
2527.319092 0.000000 1783.947632 0.000000 0.020050 0.000000 -0.999799 1.000000 1.000000 1.000000
2541.218750 0.000000 1764.399780 0.000000 0.340690 0.000000 -0.940176 1.000000 1.000000 1.000000
2557.435791 0.000000 1748.831055 0.000000 0.982745 0.000000 -0.184967 1.000000 1.000000 1.000000
2548.107178 0.000000 1778.510132 0.000000 0.815317 0.000000 -0.579015 1.000000 1.000000 1.000000
2544.097412 0.000000 1766.939331 0.000000 0.994452 0.000000 -0.105193 1.000000 1.000000 1.000000
2545.708740 0.000000 1772.947754 0.000000 0.868092 0.000000 -0.496404 1.000000 1.000000 1.000000
2106.227295 0.000000 1815.046509 0.000000 0.391110 0.000000 -0.920344 1.000000 1.000000 1.000000
2111.692627 0.000000 1810.553345 0.000000 0.286406 0.000000 -0.958108 1.000000 1.000000 1.000000
2103.710205 0.000000 1824.172607 0.000000 0.749168 0.000000 0.662380 1.000000 1.000000 1.000000
2101.255371 0.000000 1827.462891 0.000000 0.999984 0.000000 0.005640 1.000000 1.000000 1.000000
2127.584717 0.000000 1824.958496 0.000000 0.096130 0.000000 0.995369 1.000000 1.000000 1.000000
2117.866211 0.000000 1825.456055 0.000000 0.081681 0.000000 0.996659 1.000000 1.000000 1.000000
2120.166016 0.000000 1824.014404 0.000000 0.332377 0.000000 -0.943147 1.000000 1.000000 1.000000
2122.748779 0.000000 1827.632812 0.000000 0.580654 0.000000 -0.814150 1.000000 1.000000 1.000000
2121.409668 0.000000 1829.948486 0.000000 0.278149 0.000000 -0.960538 1.000000 1.000000 1.000000
2119.332275 0.000000 1825.546387 0.000000 0.059505 0.000000 -0.998228 1.000000 1.000000 1.000000
2121.439209 0.000000 1827.211182 0.000000 0.938443 0.000000 -0.345434 1.000000 1.000000 1.000000
2187.378418 0.000000 1792.790649 0.000000 0.851661 0.000000 -0.524093 1.000000 1.000000 1.000000
2227.606689 0.000000 1795.285034 0.000000 0.938955 0.000000 -0.344039 1.000000 1.000000 1.000000
2227.167236 0.000000 1802.150757 0.000000 0.806135 0.000000 0.591731 1.000000 1.000000 1.000000
2227.088623 0.000000 1792.206421 0.000000 0.964059 0.000000 0.265689 1.000000 1.000000 1.000000
2218.524658 0.000000 1792.571411 0.000000 0.666667 0.000000 0.745356 1.000000 1.000000 1.000000
2222.441895 0.000000 1797.300659 0.000000 0.645423 0.000000 -0.763825 1.000000 1.000000 1.000000
2227.314209 0.000000 1793.803833 0.000000 0.609031 0.000000 -0.793146 1.000000 1.000000 1.000000
2222.579590 0.000000 1793.121948 0.000000 0.978248 0.000000 0.207437 1.000000 1.000000 1.000000
2221.650391 0.000000 1908.468506 0.000000 0.847687 0.000000 -0.530497 1.000000 1.000000 1.000000
2237.275879 0.000000 1892.162109 0.000000 0.470228 0.000000 -0.882545 1.000000 1.000000 1.000000
2232.699219 0.000000 1895.607056 0.000000 0.838305 0.000000 -0.545201 1.000000 1.000000 1.000000
2210.333984 0.000000 1907.662842 0.000000 0.990773 0.000000 0.135530 1.000000 1.000000 1.000000
2212.481445 0.000000 1909.076538 0.000000 0.791243 0.000000 0.611502 1.000000 1.000000 1.000000
2213.227295 0.000000 1906.910278 0.000000 0.483154 0.000000 -0.875536 1.000000 1.000000 1.000000
2219.334961 0.000000 1905.788086 0.000000 0.980327 0.000000 0.197381 1.000000 1.000000 1.000000
2215.126221 0.000000 1906.788818 0.000000 0.142626 0.000000 0.989777 1.000000 1.000000 1.000000
2218.184570 0.000000 1905.112427 0.000000 0.857966 0.000000 0.513706 1.000000 1.000000 1.000000
2285.892334 0.000000 1963.312134 0.000000 0.737193 0.000000 -0.675682 1.000000 1.000000 1.000000
2290.746094 0.000000 1961.668579 0.000000 0.362884 0.000000 0.931834 1.000000 1.000000 1.000000
2284.478271 0.000000 2046.695435 0.000000 0.423137 0.000000 -0.906065 1.000000 1.000000 1.000000
2480.281738 0.000000 1813.950928 0.000000 0.585808 0.000000 0.810450 1.000000 1.000000 1.000000
2478.140869 0.000000 1822.295532 0.000000 0.999868 0.000000 -0.016263 1.000000 1.000000 1.000000
2487.571289 0.000000 1819.262817 0.000000 0.693539 0.000000 0.720419 1.000000 1.000000 1.000000
2561.500977 0.000000 1743.862915 0.000000 0.799933 0.000000 0.600089 1.000000 1.000000 1.000000
2561.974854 0.000000 1771.022827 0.000000 0.872330 0.000000 -0.488918 1.000000 1.000000 1.000000
2613.523926 0.000000 1758.232056 0.000000 0.665577 0.000000 0.746329 1.000000 1.000000 1.000000
2602.611328 0.000000 1775.847168 0.000000 0.856359 0.000000 0.516381 1.000000 1.000000 1.000000
2610.746094 0.000000 1769.668579 0.000000 0.335445 0.000000 0.942060 1.000000 1.000000 1.000000
2561.917480 0.000000 1748.549194 0.000000 0.570346 0.000000 0.821405 1.000000 1.000000 1.000000
2609.708740 0.000000 1772.947754 0.000000 0.106181 0.000000 -0.994347 1.000000 1.000000 1.000000
1889.790161 0.000000 2068.919434 0.000000 0.444453 0.000000 0.895802 1.000000 1.000000 1.000000
1884.772583 0.000000 2063.317139 0.000000 0.277063 0.000000 0.960852 1.000000 1.000000 1.000000
1871.162964 0.000000 2062.655762 0.000000 0.205731 0.000000 -0.978609 1.000000 1.000000 1.000000
1877.783325 0.000000 2059.341797 0.000000 0.993819 0.000000 -0.111016 1.000000 1.000000 1.000000
1891.569336 0.000000 2066.871094 0.000000 0.597332 0.000000 -0.801994 1.000000 1.000000 1.000000
1875.554810 0.000000 2059.251221 0.000000 0.968917 0.000000 0.247386 1.000000 1.000000 1.000000
1885.637451 0.000000 2061.138672 0.000000 0.946835 0.000000 0.321720 1.000000 1.000000 1.000000
1883.983887 0.000000 2065.642334 0.000000 0.538483 0.000000 -0.842636 1.000000 1.000000 1.000000
1868.901489 0.000000 2058.833984 0.000000 0.891819 0.000000 0.452393 1.000000 1.000000 1.000000
2281.437256 0.000000 2050.075195 0.000000 0.313067 0.000000 -0.949731 1.000000 1.000000 1.000000
"}
