object={
	name="tree_palm_generator_1_0"
	clamp_to_water_level=no
	render_under_water=no
	generated_content=yes
	layer="tree_high_layer"
	pdxmesh="tree_palm_01_a_mesh"
	count=153
	transform="127.000427 0.000000 1854.940552 0.000000 0.999994 0.000000 0.003545 0.699841 0.699841 0.699841
127.362305 0.000000 1862.895264 0.000000 0.931308 0.000000 -0.364234 0.729188 0.729188 0.729188
125.974289 0.000000 1860.018677 0.000000 0.987890 0.000000 -0.155157 0.710237 0.710237 0.710237
123.323654 0.000000 1859.964722 0.000000 0.966797 0.000000 -0.255546 0.718786 0.718786 0.718786
122.401672 0.000000 1861.248413 0.000000 0.091207 0.000000 -0.995832 0.970959 0.970959 0.970959
148.968506 0.000000 1851.060669 0.000000 0.078390 0.000000 -0.996923 0.879428 0.879428 0.879428
138.362320 0.000000 1853.712769 0.000000 0.132370 0.000000 0.991200 0.651749 0.651749 0.651749
141.388596 0.000000 1854.958984 0.000000 0.944797 0.000000 0.327657 0.679465 0.679465 0.679465
147.236816 0.000000 1853.685303 0.000000 0.584893 0.000000 -0.811110 0.743647 0.743647 0.743647
139.689072 0.000000 1850.299438 0.000000 0.564814 0.000000 -0.825218 0.804485 0.804485 0.804485
129.857132 0.000000 1855.164062 0.000000 0.998029 0.000000 -0.062751 0.703248 0.703248 0.703248
146.721970 0.000000 1851.512817 0.000000 0.232528 0.000000 0.972590 0.543089 0.543089 0.543089
147.418472 0.000000 1849.545898 0.000000 0.009402 0.000000 -0.999956 0.789500 0.789500 0.789500
140.237518 0.000000 1853.246948 0.000000 0.991863 0.000000 0.127310 0.681439 0.681439 0.681439
128.367325 0.000000 1859.297363 0.000000 0.828426 0.000000 -0.560098 0.766492 0.766492 0.766492
151.480515 0.000000 1861.307617 0.000000 0.588308 0.000000 0.808637 0.671032 0.671032 0.671032
131.216095 0.000000 1861.769775 0.000000 0.480883 0.000000 0.876785 0.532591 0.532591 0.532591
128.016632 0.000000 1862.866577 0.000000 0.849181 0.000000 0.528102 0.643996 0.643996 0.643996
128.769714 0.000000 1856.060547 0.000000 0.863420 0.000000 0.504486 0.674125 0.674125 0.674125
130.928818 0.000000 1859.394775 0.000000 0.906716 0.000000 0.421743 0.669566 0.669566 0.669566
148.724945 0.000000 1862.987549 0.000000 0.788853 0.000000 -0.614582 0.743490 0.743490 0.743490
129.257645 0.000000 1861.175171 0.000000 0.706946 0.000000 0.707267 0.651672 0.651672 0.651672
130.145889 0.000000 1863.474976 0.000000 0.996838 0.000000 0.079461 0.691882 0.691882 0.691882
149.727081 0.000000 1860.411743 0.000000 0.970031 0.000000 0.242982 0.663970 0.663970 0.663970
149.136398 0.000000 1861.635254 0.000000 0.166253 0.000000 0.986083 0.493931 0.493931 0.493931
130.638275 0.000000 1860.593018 0.000000 0.535548 0.000000 -0.844505 0.857467 0.857467 0.857467
2004.968506 0.000000 1147.060669 0.000000 0.583381 0.000000 -0.812199 0.742408 0.742408 0.742408
1987.786621 0.000000 1149.274048 0.000000 0.997730 0.000000 -0.067347 0.701602 0.701602 0.701602
2007.391846 0.000000 1135.405762 0.000000 0.705327 0.000000 -0.708882 0.842100 0.842100 0.842100
2007.577881 0.000000 1145.747803 0.000000 0.359201 0.000000 -0.933260 0.822816 0.822816 0.822816
2005.429321 0.000000 1144.663696 0.000000 0.977527 0.000000 -0.210808 0.747512 0.747512 0.747512
2002.721924 0.000000 1147.512817 0.000000 0.201305 0.000000 0.979528 0.600539 0.600539 0.600539
2003.418457 0.000000 1145.545898 0.000000 0.630496 0.000000 -0.776193 0.774540 0.774540 0.774540
1987.817261 0.000000 1151.135986 0.000000 0.137710 0.000000 -0.990473 0.954373 0.954373 0.954373
1989.457886 0.000000 1150.255127 0.000000 0.139749 0.000000 0.990187 0.397991 0.397991 0.397991
2006.552856 0.000000 1134.055908 0.000000 0.356295 0.000000 -0.934373 0.917592 0.917592 0.917592
2004.722900 0.000000 1145.786743 0.000000 0.522491 0.000000 -0.852645 0.928394 0.928394 0.928394
2004.052490 0.000000 1144.418457 0.000000 0.991765 0.000000 -0.128070 0.728727 0.728727 0.728727
2006.286255 0.000000 1135.921753 0.000000 0.599908 0.000000 -0.800069 0.867259 0.867259 0.867259
1903.949219 0.000000 1199.976807 0.000000 0.711521 0.000000 -0.702665 0.789321 0.789321 0.789321
1904.907471 0.000000 1203.574097 0.000000 0.712047 0.000000 -0.702132 0.757677 0.757677 0.757677
1905.739746 0.000000 1201.868042 0.000000 0.817552 0.000000 0.575854 0.626219 0.626219 0.626219
1905.312744 0.000000 1198.751953 0.000000 0.633150 0.000000 -0.774029 0.760640 0.760640 0.760640
1902.193726 0.000000 1200.042114 0.000000 0.255542 0.000000 0.966798 0.466980 0.466980 0.466980
1903.081421 0.000000 1198.603516 0.000000 0.883280 0.000000 -0.468845 0.755943 0.755943 0.755943
1905.239868 0.000000 1200.537354 0.000000 0.862349 0.000000 -0.506314 0.763833 0.763833 0.763833
1903.104126 0.000000 1200.879639 0.000000 0.197760 0.000000 -0.980251 0.943556 0.943556 0.943556
1968.732300 0.000000 1156.006470 0.000000 0.959560 0.000000 0.281506 0.689228 0.689228 0.689228
1980.566406 0.000000 1154.398315 0.000000 0.737937 0.000000 -0.674870 0.774568 0.774568 0.774568
1970.398560 0.000000 1156.572754 0.000000 0.292676 0.000000 0.956212 0.477398 0.477398 0.477398
1971.911499 0.000000 1157.391235 0.000000 0.963755 0.000000 -0.266790 0.747195 0.747195 0.747195
1861.252441 0.000000 1318.042725 0.000000 0.971428 0.000000 0.237336 0.660469 0.660469 0.660469
1869.661377 0.000000 1301.948853 0.000000 0.268884 0.000000 0.963172 0.643720 0.643720 0.643720
1856.331177 0.000000 1318.835327 0.000000 0.281165 0.000000 -0.959659 0.728762 0.728762 0.728762
1861.248779 0.000000 1321.675903 0.000000 0.928442 0.000000 0.371477 0.688294 0.688294 0.688294
1858.896973 0.000000 1320.012817 0.000000 0.911098 0.000000 -0.412190 0.725541 0.725541 0.725541
1870.805176 0.000000 1303.727051 0.000000 0.855887 0.000000 0.517163 0.626290 0.626290 0.626290
1868.530151 0.000000 1303.444824 0.000000 0.993109 0.000000 -0.117196 0.715766 0.715766 0.715766
1871.580444 0.000000 1301.932007 0.000000 0.531255 0.000000 -0.847212 0.813044 0.813044 0.813044
1860.425171 0.000000 1319.459106 0.000000 0.028591 0.000000 -0.999591 0.954420 0.954420 0.954420
1870.616699 0.000000 1300.799805 0.000000 0.405301 0.000000 0.914183 0.570988 0.570988 0.570988
1859.701172 0.000000 1318.429321 0.000000 0.581294 0.000000 0.813694 0.361148 0.361148 0.361148
2364.556885 0.000000 252.735443 0.000000 0.999998 0.000000 -0.002021 0.700042 0.700042 0.700042
2405.210205 0.000000 237.929642 0.000000 0.924474 0.000000 0.381245 0.691251 0.691251 0.691251
2368.100586 0.000000 253.086395 0.000000 0.655435 0.000000 -0.755252 0.713165 0.713165 0.713165
2405.207031 0.000000 234.217499 0.000000 0.068505 0.000000 -0.997651 0.754606 0.754606 0.754606
2402.640137 0.000000 235.829620 0.000000 0.951105 0.000000 0.308867 0.685513 0.685513 0.685513
2408.439209 0.000000 248.656769 0.000000 0.997091 0.000000 0.076223 0.692000 0.692000 0.692000
2406.817139 0.000000 248.566330 0.000000 0.456187 0.000000 -0.889884 0.838043 0.838043 0.838043
2448.442627 0.000000 237.369995 0.000000 0.871340 0.000000 0.490680 0.682791 0.682791 0.682791
2462.703125 0.000000 240.679657 0.000000 0.440866 0.000000 -0.897573 0.784120 0.784120 0.784120
2471.853271 0.000000 231.449951 0.000000 0.035190 0.000000 0.999381 0.669944 0.669944 0.669944
2447.584717 0.000000 224.958527 0.000000 0.942664 0.000000 0.333743 0.694767 0.694767 0.694767
2469.207031 0.000000 234.217499 0.000000 0.690853 0.000000 -0.722995 0.771178 0.771178 0.771178
2465.669922 0.000000 250.098816 0.000000 0.759286 0.000000 0.650757 0.682168 0.682168 0.682168
2445.388672 0.000000 254.958984 0.000000 0.990776 0.000000 -0.135508 0.704181 0.704181 0.704181
2466.640137 0.000000 235.829620 0.000000 0.359658 0.000000 0.933084 0.622640 0.622640 0.622640
2451.368408 0.000000 237.546539 0.000000 0.887615 0.000000 0.460586 0.669886 0.669886 0.669886
2469.225830 0.000000 231.619141 0.000000 0.819466 0.000000 0.573127 0.653924 0.653924 0.653924
2450.127686 0.000000 224.360489 0.000000 0.466494 0.000000 -0.884524 0.794089 0.794089 0.794089
2442.508545 0.000000 235.506363 0.000000 0.077419 0.000000 0.996999 0.555946 0.555946 0.555946
2470.786133 0.000000 236.402985 0.000000 0.247987 0.000000 -0.968763 0.819972 0.819972 0.819972
2440.783936 0.000000 255.134705 0.000000 0.997117 0.000000 0.075880 0.694372 0.694372 0.694372
2450.009033 0.000000 236.065994 0.000000 0.359866 0.000000 -0.933004 0.775664 0.775664 0.775664
2437.992188 0.000000 235.308395 0.000000 0.542784 0.000000 0.839873 0.548060 0.548060 0.548060
2355.701172 0.000000 292.844757 0.000000 0.971035 0.000000 -0.238936 0.720576 0.720576 0.720576
2354.365723 0.000000 316.407135 0.000000 0.602433 0.000000 -0.798169 0.740057 0.740057 0.740057
2353.663330 0.000000 288.828247 0.000000 0.924820 0.000000 0.380406 0.692908 0.692908 0.692908
2341.122314 0.000000 284.998779 0.000000 0.039222 0.000000 -0.999231 0.738542 0.738542 0.738542
2351.181396 0.000000 316.684906 0.000000 0.086084 0.000000 -0.996288 0.735285 0.735285 0.735285
2352.290527 0.000000 291.640564 0.000000 0.780085 0.000000 0.625674 0.665032 0.665032 0.665032
2355.010498 0.000000 290.719086 0.000000 0.431035 0.000000 -0.902335 0.762922 0.762922 0.762922
2384.590576 0.000000 259.759003 0.000000 0.947985 0.000000 -0.318315 0.708152 0.708152 0.708152
2384.370361 0.000000 318.160339 0.000000 0.253129 0.000000 -0.967433 0.729413 0.729413 0.729413
2387.875244 0.000000 261.113373 0.000000 0.178407 0.000000 -0.983957 0.785594 0.785594 0.785594
2381.388672 0.000000 318.958984 0.000000 0.213648 0.000000 0.976911 0.654518 0.654518 0.654518
2384.769531 0.000000 261.663391 0.000000 0.569868 0.000000 0.821736 0.608311 0.608311 0.608311
2410.987793 0.000000 327.951721 0.000000 0.005221 0.000000 0.999986 0.660602 0.660602 0.660602
2401.790039 0.000000 340.919403 0.000000 0.823601 0.000000 -0.567170 0.703372 0.703372 0.703372
2389.572998 0.000000 320.357697 0.000000 0.315429 0.000000 -0.948949 0.736696 0.736696 0.736696
2390.726562 0.000000 334.325928 0.000000 0.794172 0.000000 -0.607693 0.723742 0.723742 0.723742
2415.760254 0.000000 326.595673 0.000000 0.834959 0.000000 0.550312 0.669856 0.669856 0.669856
2387.874268 0.000000 341.486359 0.000000 0.277102 0.000000 0.960841 0.656715 0.656715 0.656715
2402.930176 0.000000 345.593536 0.000000 0.875359 0.000000 -0.483474 0.706349 0.706349 0.706349
2412.753418 0.000000 324.234070 0.000000 0.997560 0.000000 -0.069816 0.701758 0.701758 0.701758
2373.425049 0.000000 339.414612 0.000000 0.717153 0.000000 0.696916 0.653645 0.653645 0.653645
2388.391357 0.000000 336.639130 0.000000 0.878321 0.000000 -0.478071 0.715331 0.715331 0.715331
2391.735352 0.000000 322.405121 0.000000 0.485175 0.000000 0.874417 0.640485 0.640485 0.640485
2388.696045 0.000000 322.732483 0.000000 0.973388 0.000000 -0.229164 0.708728 0.708728 0.708728
2373.002197 0.000000 341.888641 0.000000 0.994750 0.000000 -0.102330 0.705733 0.705733 0.705733
2413.095215 0.000000 326.429626 0.000000 0.554446 0.000000 -0.832219 0.820951 0.820951 0.820951
2403.358887 0.000000 343.342621 0.000000 0.994127 0.000000 0.108221 0.691510 0.691510 0.691510
2412.427979 0.000000 327.669525 0.000000 0.348598 0.000000 0.937272 0.550553 0.550553 0.550553
2443.378418 0.000000 256.790619 0.000000 0.459722 0.000000 0.888063 0.672492 0.672492 0.672492
2485.978271 0.000000 268.223877 0.000000 0.434494 0.000000 0.900675 0.623184 0.623184 0.623184
2487.090576 0.000000 272.181091 0.000000 0.341352 0.000000 -0.939935 0.737599 0.737599 0.737599
2483.167236 0.000000 266.150787 0.000000 0.578870 0.000000 -0.815420 0.747988 0.747988 0.747988
2484.455566 0.000000 270.905334 0.000000 0.554260 0.000000 -0.832343 0.757740 0.757740 0.757740
2445.405518 0.000000 256.711426 0.000000 0.063263 0.000000 -0.997997 0.786411 0.786411 0.786411
2501.252441 0.000000 294.042755 0.000000 0.158396 0.000000 -0.987376 0.800658 0.800658 0.800658
2501.248779 0.000000 297.675842 0.000000 0.871339 0.000000 -0.490681 0.719360 0.719360 0.719360
3317.523926 0.000000 670.232056 0.000000 0.946602 0.000000 0.322404 0.659154 0.659154 0.659154
3316.456055 0.000000 665.110718 0.000000 0.488121 0.000000 -0.872776 0.741528 0.741528 0.741528
3325.952393 0.000000 672.699341 0.000000 0.021799 0.000000 -0.999762 0.825605 0.825605 0.825605
3316.878174 0.000000 673.461426 0.000000 0.202422 0.000000 -0.979298 0.763067 0.763067 0.763067
3325.282471 0.000000 670.759949 0.000000 0.283500 0.000000 0.958972 0.556463 0.556463 0.556463
3315.491211 0.000000 672.351135 0.000000 0.763134 0.000000 -0.646240 0.751082 0.751082 0.751082
3317.841553 0.000000 671.996521 0.000000 0.077278 0.000000 -0.997010 0.885826 0.885826 0.885826
3324.235107 0.000000 672.622986 0.000000 0.707009 0.000000 -0.707205 0.763697 0.763697 0.763697
3327.315430 0.000000 671.658081 0.000000 0.956398 0.000000 -0.292067 0.747238 0.747238 0.747238
3316.335693 0.000000 671.155396 0.000000 0.814488 0.000000 0.580180 0.622985 0.622985 0.622985
3315.906250 0.000000 666.441467 0.000000 0.486278 0.000000 -0.873804 0.900624 0.900624 0.900624
3315.150146 0.000000 667.667419 0.000000 0.886850 0.000000 0.462057 0.609346 0.609346 0.609346
3317.280762 0.000000 668.837341 0.000000 0.609351 0.000000 0.792901 0.577119 0.577119 0.577119
3327.892334 0.000000 670.294678 0.000000 0.959250 0.000000 0.282558 0.654344 0.654344 0.654344
3326.556152 0.000000 670.612305 0.000000 0.952703 0.000000 0.303903 0.650786 0.650786 0.650786
3314.050049 0.000000 666.974792 0.000000 0.480961 0.000000 -0.876742 0.901771 0.901771 0.901771
3336.797852 0.000000 660.335449 0.000000 0.639280 0.000000 0.768974 0.676698 0.676698 0.676698
3341.661377 0.000000 661.948853 0.000000 0.999429 0.000000 0.033794 0.699527 0.699527 0.699527
3351.028320 0.000000 658.613586 0.000000 0.836270 0.000000 -0.548318 0.794930 0.794930 0.794930
3348.391357 0.000000 656.639099 0.000000 0.991463 0.000000 -0.130391 0.703474 0.703474 0.703474
3361.932373 0.000000 669.070618 0.000000 0.050259 0.000000 0.998736 0.659610 0.659610 0.659610
3359.893311 0.000000 665.480591 0.000000 0.174532 0.000000 -0.984652 0.760475 0.760475 0.760475
3339.019043 0.000000 662.267639 0.000000 0.633526 0.000000 -0.773721 0.847186 0.847186 0.847186
3353.631836 0.000000 659.833435 0.000000 0.008986 0.000000 0.999960 0.564622 0.564622 0.564622
3361.223877 0.000000 667.067993 0.000000 0.181668 0.000000 0.983360 0.544746 0.544746 0.544746
3363.583496 0.000000 667.590149 0.000000 0.833148 0.000000 -0.553050 0.745061 0.745061 0.745061
3352.698975 0.000000 658.231873 0.000000 0.572671 0.000000 0.819786 0.616697 0.616697 0.616697
3363.534180 0.000000 669.294556 0.000000 0.576839 0.000000 -0.816858 0.825628 0.825628 0.825628
3361.489014 0.000000 665.015137 0.000000 0.116615 0.000000 0.993177 0.508929 0.508929 0.508929
3339.022705 0.000000 663.688110 0.000000 0.999366 0.000000 0.035611 0.694074 0.694074 0.694074
3350.921631 0.000000 659.940063 0.000000 0.090990 0.000000 -0.995852 0.942037 0.942037 0.942037
3339.397461 0.000000 661.093018 0.000000 0.983294 0.000000 0.182023 0.662637 0.662637 0.662637
"}
