object={
	name="tree_leaf_high_generator_2_0"
	clamp_to_water_level=no
	render_under_water=no
	generated_content=yes
	layer="tree_high_layer"
	pdxmesh="tree_leaf_01_b_mesh"
	count=71
	transform="209.748535 0.000000 3840.283203 0.000000 0.677580 0.000000 0.735449 0.389273 0.389273 0.389273
210.714340 0.000000 3842.874268 0.000000 0.115697 0.000000 0.993285 0.340434 0.340434 0.340434
234.484253 0.000000 3901.530273 0.000000 0.645007 0.000000 -0.764176 0.500319 0.500319 0.500319
230.714386 0.000000 3900.230957 0.000000 0.172574 0.000000 0.984997 0.370696 0.370696 0.370696
236.705215 0.000000 3890.370605 0.000000 0.958558 0.000000 -0.284897 0.412838 0.412838 0.412838
241.166977 0.000000 3897.831543 0.000000 0.139773 0.000000 0.990184 0.304285 0.304285 0.304285
221.208099 0.000000 3910.763916 0.000000 0.844190 0.000000 -0.536044 0.466383 0.466383 0.466383
214.221848 0.000000 3910.269287 0.000000 0.448757 0.000000 -0.893654 0.482240 0.482240 0.482240
206.810364 0.000000 3915.831299 0.000000 0.883102 0.000000 0.469181 0.377322 0.377322 0.377322
224.750549 0.000000 3911.931396 0.000000 0.840204 0.000000 0.542270 0.331891 0.331891 0.331891
238.183472 0.000000 3907.834961 0.000000 0.473271 0.000000 0.880917 0.271919 0.271919 0.271919
229.689224 0.000000 3904.395264 0.000000 0.184287 0.000000 -0.982873 0.561874 0.561874 0.561874
232.532166 0.000000 3912.712158 0.000000 0.438618 0.000000 0.898674 0.271195 0.271195 0.271195
245.493912 0.000000 3907.975830 0.000000 0.416452 0.000000 0.909158 0.264378 0.264378 0.264378
254.231705 0.000000 3925.910645 0.000000 0.911109 0.000000 -0.412165 0.449000 0.449000 0.449000
247.880157 0.000000 3907.297852 0.000000 0.638882 0.000000 -0.769305 0.463987 0.463987 0.463987
246.221848 0.000000 3910.269287 0.000000 0.958908 0.000000 -0.283715 0.423700 0.423700 0.423700
222.278442 0.000000 3966.367676 0.000000 0.748841 0.000000 -0.662749 0.410129 0.410129 0.410129
224.987427 0.000000 3957.511475 0.000000 0.214882 0.000000 0.976640 0.239746 0.239746 0.239746
226.780624 0.000000 3965.285156 0.000000 0.801267 0.000000 0.598307 0.324101 0.324101 0.324101
239.659546 0.000000 3963.973877 0.000000 0.315393 0.000000 -0.948961 0.414978 0.414978 0.414978
228.280701 0.000000 3960.940430 0.000000 0.938435 0.000000 -0.345457 0.439979 0.439979 0.439979
243.926575 0.000000 3955.724854 0.000000 0.625808 0.000000 -0.779977 0.424122 0.424122 0.424122
254.717880 0.000000 3946.415527 0.000000 0.505059 0.000000 0.863085 0.299649 0.299649 0.299649
251.829575 0.000000 3964.882324 0.000000 0.580250 0.000000 0.814438 0.362457 0.362457 0.362457
236.705215 0.000000 3954.370605 0.000000 0.893350 0.000000 0.449361 0.378126 0.378126 0.378126
249.373047 0.000000 3956.834229 0.000000 0.990207 0.000000 -0.139609 0.408183 0.408183 0.408183
230.820450 0.000000 3960.960938 0.000000 0.790943 0.000000 -0.611890 0.452932 0.452932 0.452932
254.364334 0.000000 3963.971680 0.000000 0.999983 0.000000 0.005821 0.399736 0.399736 0.399736
231.521988 0.000000 3956.382812 0.000000 0.252814 0.000000 -0.967515 0.500475 0.500475 0.500475
254.637970 0.000000 3986.081055 0.000000 0.792483 0.000000 0.609895 0.383952 0.383952 0.383952
252.349609 0.000000 3987.803467 0.000000 0.850465 0.000000 0.526031 0.346896 0.346896 0.346896
253.393768 0.000000 3983.808350 0.000000 0.435150 0.000000 0.900358 0.313274 0.313274 0.313274
247.161224 0.000000 3976.527832 0.000000 0.399129 0.000000 -0.916895 0.453297 0.453297 0.453297
246.485474 0.000000 3980.843750 0.000000 0.245571 0.000000 0.969379 0.334617 0.334617 0.334617
244.653290 0.000000 3983.089111 0.000000 0.648105 0.000000 -0.761551 0.440200 0.440200 0.440200
252.687073 0.000000 3991.710449 0.000000 0.238322 0.000000 0.971186 0.296391 0.296391 0.296391
240.428894 0.000000 3970.484863 0.000000 0.012002 0.000000 0.999928 0.306601 0.306601 0.306601
243.187332 0.000000 3978.143555 0.000000 0.360257 0.000000 0.932853 0.312357 0.312357 0.312357
251.976242 0.000000 3985.555908 0.000000 0.890909 0.000000 0.454181 0.366102 0.366102 0.366102
256.987427 0.000000 3925.511475 0.000000 0.822176 0.000000 -0.569233 0.471964 0.471964 0.471964
256.356323 0.000000 3921.087646 0.000000 0.961525 0.000000 -0.274718 0.404169 0.404169 0.404169
258.626190 0.000000 3923.021484 0.000000 0.905350 0.000000 -0.424665 0.414235 0.414235 0.414235
284.322662 0.000000 3962.183594 0.000000 0.406221 0.000000 -0.913775 0.530051 0.530051 0.530051
258.780640 0.000000 3965.285156 0.000000 0.960404 0.000000 -0.278610 0.431297 0.431297 0.431297
260.083557 0.000000 3950.666748 0.000000 0.426852 0.000000 -0.904321 0.409026 0.409026 0.409026
264.221283 0.000000 3958.685059 0.000000 0.201989 0.000000 -0.979388 0.555669 0.555669 0.555669
278.609375 0.000000 3954.199951 0.000000 0.265034 0.000000 0.964239 0.364229 0.364229 0.364229
268.705200 0.000000 3954.370605 0.000000 0.784725 0.000000 0.619844 0.369957 0.369957 0.369957
263.522003 0.000000 3956.382812 0.000000 0.986420 0.000000 -0.164242 0.411286 0.411286 0.411286
288.050323 0.000000 3966.543213 0.000000 0.523372 0.000000 0.852104 0.367405 0.367405 0.367405
280.140869 0.000000 3978.975586 0.000000 0.972528 0.000000 0.232784 0.372902 0.372902 0.372902
270.183472 0.000000 3971.834961 0.000000 0.667582 0.000000 0.744536 0.301455 0.301455 0.301455
261.689209 0.000000 3968.395264 0.000000 0.682700 0.000000 0.730698 0.303042 0.303042 0.303042
281.850555 0.000000 3986.422363 0.000000 0.998803 0.000000 -0.048915 0.405644 0.405644 0.405644
272.895081 0.000000 3978.459717 0.000000 0.043366 0.000000 0.999059 0.220776 0.220776 0.220776
274.674774 0.000000 3984.570068 0.000000 0.979970 0.000000 0.199148 0.376175 0.376175 0.376175
256.183655 0.000000 3969.648682 0.000000 0.990407 0.000000 0.138182 0.383526 0.383526 0.383526
260.835907 0.000000 3973.125488 0.000000 0.576618 0.000000 0.817014 0.291142 0.291142 0.291142
267.836945 0.000000 3993.214111 0.000000 0.482837 0.000000 -0.875710 0.417580 0.417580 0.417580
282.444305 0.000000 3971.654053 0.000000 0.019113 0.000000 0.999817 0.355838 0.355838 0.355838
276.718628 0.000000 3969.037598 0.000000 0.128786 0.000000 0.991672 0.346013 0.346013 0.346013
267.033752 0.000000 3990.317383 0.000000 0.820136 0.000000 -0.572169 0.451098 0.451098 0.451098
274.714325 0.000000 3970.874268 0.000000 0.793614 0.000000 0.608422 0.345461 0.345461 0.345461
282.227966 0.000000 3980.555420 0.000000 0.704486 0.000000 0.709718 0.327897 0.327897 0.327897
279.880157 0.000000 3971.297852 0.000000 0.919613 0.000000 0.392826 0.384076 0.384076 0.384076
262.086090 0.000000 3970.964111 0.000000 0.716030 0.000000 0.698070 0.335955 0.335955 0.335955
269.081207 0.000000 3981.754883 0.000000 0.317020 0.000000 0.948419 0.331443 0.331443 0.331443
256.958801 0.000000 3978.274658 0.000000 0.778568 0.000000 -0.627561 0.439971 0.439971 0.439971
269.204407 0.000000 3991.266357 0.000000 0.999934 0.000000 0.011494 0.399455 0.399455 0.399455
287.132721 0.000000 3973.350342 0.000000 0.768998 0.000000 0.639251 0.358100 0.358100 0.358100
"}
