object={
	name="tree_leaf_high_generator_3_0"
	clamp_to_water_level=no
	render_under_water=no
	generated_content=yes
	layer="tree_high_layer"
	pdxmesh="tree_leaf_01_c_mesh"
	count=121
	transform="209.761963 0.000000 3845.575195 0.000000 0.786194 0.000000 -0.617980 0.828340 0.828340 0.828340
235.488190 0.000000 3887.720703 0.000000 0.898517 0.000000 0.438940 0.788292 0.788292 0.788292
244.161835 0.000000 3902.979736 0.000000 0.551450 0.000000 0.834208 0.713685 0.713685 0.713685
237.486618 0.000000 3892.908447 0.000000 0.973600 0.000000 0.228262 0.770747 0.770747 0.770747
239.659546 0.000000 3899.973877 0.000000 0.843292 0.000000 -0.537455 0.880915 0.880915 0.880915
235.836945 0.000000 3897.214111 0.000000 0.934052 0.000000 0.357138 0.755361 0.755361 0.755361
232.103729 0.000000 3885.298096 0.000000 0.320916 0.000000 0.947108 0.676259 0.676259 0.676259
243.478867 0.000000 3898.200928 0.000000 0.810782 0.000000 0.585348 0.745299 0.745299 0.745299
233.041641 0.000000 3898.228760 0.000000 0.986692 0.000000 -0.162601 0.811058 0.811058 0.811058
229.181152 0.000000 3902.856445 0.000000 0.624030 0.000000 -0.781400 0.860726 0.860726 0.860726
235.033752 0.000000 3894.317383 0.000000 0.953216 0.000000 0.302289 0.771112 0.771112 0.771112
216.140869 0.000000 3914.975586 0.000000 0.665455 0.000000 0.746438 0.732846 0.732846 0.732846
200.532166 0.000000 3912.712158 0.000000 0.999883 0.000000 0.015322 0.798302 0.798302 0.798302
208.895081 0.000000 3914.459717 0.000000 0.447908 0.000000 -0.894079 0.847729 0.847729 0.847729
204.507294 0.000000 3915.169922 0.000000 0.450204 0.000000 0.892926 0.692859 0.692859 0.692859
216.881317 0.000000 3910.743896 0.000000 0.223469 0.000000 -0.974711 0.975738 0.975738 0.975738
212.771988 0.000000 3912.209473 0.000000 0.990401 0.000000 0.138225 0.781970 0.781970 0.781970
219.688293 0.000000 3914.264893 0.000000 0.462035 0.000000 -0.886862 0.858153 0.858153 0.858153
221.835037 0.000000 3907.189209 0.000000 0.103350 0.000000 0.994645 0.651425 0.651425 0.651425
218.444305 0.000000 3907.654053 0.000000 0.076546 0.000000 0.997066 0.710473 0.710473 0.710473
222.717880 0.000000 3914.415527 0.000000 0.664854 0.000000 0.746973 0.717620 0.717620 0.717620
222.826721 0.000000 3904.403076 0.000000 0.346011 0.000000 0.938231 0.723405 0.723405 0.723405
224.183670 0.000000 3905.648682 0.000000 0.255919 0.000000 -0.966698 0.947003 0.947003 0.947003
241.748535 0.000000 3904.283203 0.000000 0.438980 0.000000 -0.898497 0.959192 0.959192 0.959192
228.835907 0.000000 3909.125488 0.000000 0.999170 0.000000 0.040727 0.794191 0.794191 0.794191
234.786560 0.000000 3904.178955 0.000000 0.923024 0.000000 0.384741 0.743682 0.743682 0.743682
246.946198 0.000000 3925.656006 0.000000 0.954608 0.000000 -0.297865 0.818304 0.818304 0.818304
228.398895 0.000000 3914.167725 0.000000 0.381285 0.000000 0.924458 0.655815 0.655815 0.655815
254.637970 0.000000 3922.081055 0.000000 0.761795 0.000000 0.647819 0.726107 0.726107 0.726107
247.776733 0.000000 3904.716064 0.000000 0.412251 0.000000 -0.911070 0.871404 0.871404 0.871404
250.338943 0.000000 3927.165771 0.000000 0.301834 0.000000 -0.953360 0.959067 0.959067 0.959067
252.349609 0.000000 3923.803467 0.000000 0.428656 0.000000 0.903468 0.729723 0.729723 0.729723
249.373047 0.000000 3924.834229 0.000000 0.408470 0.000000 0.912772 0.712490 0.712490 0.712490
214.825180 0.000000 3962.234131 0.000000 0.421688 0.000000 0.906741 0.652363 0.652363 0.652363
222.231705 0.000000 3957.910645 0.000000 0.725267 0.000000 0.688468 0.692621 0.692621 0.692621
222.637970 0.000000 3954.081055 0.000000 0.659841 0.000000 -0.751405 0.907995 0.907995 0.907995
211.478867 0.000000 3962.200928 0.000000 0.596979 0.000000 -0.802257 0.882565 0.882565 0.882565
217.589905 0.000000 3963.289551 0.000000 0.623223 0.000000 0.782044 0.701004 0.701004 0.701004
220.349609 0.000000 3955.803467 0.000000 0.392437 0.000000 0.919779 0.688773 0.688773 0.688773
252.322662 0.000000 3962.183594 0.000000 0.993277 0.000000 0.115760 0.796316 0.796316 0.796316
249.850540 0.000000 3954.422363 0.000000 0.998139 0.000000 0.060975 0.793310 0.793310 0.793310
244.161835 0.000000 3966.979736 0.000000 0.588620 0.000000 0.808410 0.788154 0.788154 0.788154
232.221298 0.000000 3958.685059 0.000000 0.796125 0.000000 0.605133 0.773519 0.773519 0.773519
253.637558 0.000000 3949.300781 0.000000 0.033954 0.000000 -0.999423 0.999820 0.999820 0.999820
237.486618 0.000000 3956.908447 0.000000 0.203702 0.000000 -0.979033 0.826184 0.826184 0.826184
254.278442 0.000000 3966.367676 0.000000 0.814947 0.000000 0.579535 0.722220 0.722220 0.722220
249.182922 0.000000 3966.203613 0.000000 0.927758 0.000000 -0.373182 0.812145 0.812145 0.812145
229.686630 0.000000 3954.909180 0.000000 0.050339 0.000000 0.998732 0.616889 0.616889 0.616889
224.356323 0.000000 3953.087646 0.000000 0.047903 0.000000 -0.998852 0.939607 0.939607 0.939607
246.946198 0.000000 3957.656006 0.000000 0.895514 0.000000 0.445033 0.780103 0.780103 0.780103
247.070465 0.000000 3951.147705 0.000000 0.877199 0.000000 0.480126 0.770594 0.770594 0.770594
230.714386 0.000000 3964.230957 0.000000 0.720324 0.000000 -0.693638 0.850521 0.850521 0.850521
254.637970 0.000000 3954.081055 0.000000 0.099434 0.000000 0.995044 0.703917 0.703917 0.703917
233.813782 0.000000 3955.114990 0.000000 0.678861 0.000000 0.734266 0.739724 0.739724 0.739724
246.609390 0.000000 3954.199951 0.000000 0.485681 0.000000 -0.874136 0.875203 0.875203 0.875203
252.349609 0.000000 3955.803467 0.000000 0.781551 0.000000 -0.623841 0.864985 0.864985 0.864985
248.140869 0.000000 3978.975586 0.000000 0.766224 0.000000 -0.642573 0.817980 0.817980 0.817980
238.183472 0.000000 3971.834961 0.000000 0.127392 0.000000 0.991852 0.692785 0.692785 0.692785
251.529022 0.000000 3968.375977 0.000000 0.050240 0.000000 0.998737 0.699783 0.699783 0.699783
229.689224 0.000000 3968.395264 0.000000 0.999830 0.000000 -0.018431 0.800883 0.800883 0.800883
249.850540 0.000000 3986.422363 0.000000 0.554206 0.000000 0.832380 0.756398 0.756398 0.756398
245.493912 0.000000 3971.975830 0.000000 0.939045 0.000000 0.343796 0.787173 0.787173 0.787173
240.895081 0.000000 3978.459717 0.000000 0.705111 0.000000 0.709097 0.762690 0.762690 0.762690
253.208099 0.000000 3974.763916 0.000000 0.726472 0.000000 -0.687196 0.855381 0.855381 0.855381
253.637558 0.000000 3981.300781 0.000000 0.494266 0.000000 0.869311 0.735596 0.735596 0.735596
224.183670 0.000000 3969.648682 0.000000 0.998946 0.000000 -0.045891 0.805474 0.805474 0.805474
236.507294 0.000000 3979.169922 0.000000 0.753039 0.000000 -0.657976 0.855076 0.855076 0.855076
244.771988 0.000000 3976.209473 0.000000 0.861549 0.000000 -0.507674 0.847219 0.847219 0.847219
247.070465 0.000000 3983.147705 0.000000 0.532785 0.000000 0.846251 0.737131 0.737131 0.737131
241.761963 0.000000 3973.575195 0.000000 0.719678 0.000000 -0.694309 0.891048 0.891048 0.891048
243.964935 0.000000 3980.795898 0.000000 0.503887 0.000000 -0.863770 0.855604 0.855604 0.855604
250.338943 0.000000 3991.165771 0.000000 0.054236 0.000000 0.998528 0.683691 0.683691 0.683691
253.835037 0.000000 3971.189209 0.000000 0.755783 0.000000 -0.654822 0.867161 0.867161 0.867161
250.444305 0.000000 3971.654053 0.000000 0.449259 0.000000 0.893401 0.737772 0.737772 0.737772
250.761993 0.000000 3983.115967 0.000000 0.997962 0.000000 -0.063804 0.804782 0.804782 0.804782
235.363251 0.000000 3975.163086 0.000000 0.027472 0.000000 -0.999623 0.972921 0.972921 0.972921
254.717880 0.000000 3978.415527 0.000000 0.009189 0.000000 -0.999958 0.930058 0.930058 0.930058
242.714340 0.000000 3970.874268 0.000000 0.999555 0.000000 -0.029826 0.801805 0.801805 0.801805
245.446869 0.000000 3978.620850 0.000000 0.990927 0.000000 0.134402 0.788772 0.788772 0.788772
260.280701 0.000000 3928.940430 0.000000 0.548690 0.000000 0.836026 0.731784 0.731784 0.731784
256.249847 0.000000 3929.564697 0.000000 0.999279 0.000000 0.037978 0.795106 0.795106 0.795106
256.750549 0.000000 3943.931396 0.000000 0.729732 0.000000 0.683733 0.774288 0.774288 0.774288
281.850555 0.000000 3954.422363 0.000000 0.917848 0.000000 -0.396931 0.806848 0.806848 0.806848
269.486603 0.000000 3956.908447 0.000000 0.872298 0.000000 -0.488975 0.841021 0.841021 0.841021
271.659546 0.000000 3963.973877 0.000000 0.930386 0.000000 -0.366580 0.823388 0.823388 0.823388
286.278442 0.000000 3966.367676 0.000000 0.315129 0.000000 0.949049 0.656924 0.656924 0.656924
281.182922 0.000000 3966.203613 0.000000 0.957185 0.000000 0.289478 0.788914 0.788914 0.788914
260.280701 0.000000 3960.940430 0.000000 0.829345 0.000000 0.558736 0.737836 0.737836 0.737836
256.114624 0.000000 3948.443359 0.000000 0.779851 0.000000 0.625965 0.723406 0.723406 0.723406
256.356323 0.000000 3953.087646 0.000000 0.960868 0.000000 0.277006 0.782678 0.782678 0.782678
267.836945 0.000000 3961.214111 0.000000 0.440288 0.000000 -0.897856 0.954309 0.954309 0.954309
260.398895 0.000000 3946.167725 0.000000 0.110242 0.000000 -0.993905 0.885749 0.885749 0.885749
256.249847 0.000000 3961.564697 0.000000 0.262038 0.000000 0.965057 0.735850 0.735850 0.735850
265.813782 0.000000 3955.114990 0.000000 0.778390 0.000000 -0.627781 0.868318 0.868318 0.868318
282.338959 0.000000 3959.165771 0.000000 0.318741 0.000000 0.947842 0.748470 0.748470 0.748470
273.125977 0.000000 3966.585938 0.000000 0.838053 0.000000 -0.545589 0.852558 0.852558 0.852558
261.927368 0.000000 3943.717529 0.000000 0.532310 0.000000 0.846549 0.708668 0.708668 0.708668
264.185242 0.000000 3967.080078 0.000000 0.707231 0.000000 0.706982 0.732250 0.732250 0.732250
283.829590 0.000000 3964.882324 0.000000 0.435901 0.000000 0.899995 0.697348 0.697348 0.697348
258.680359 0.000000 3948.167236 0.000000 0.999939 0.000000 0.011071 0.799250 0.799250 0.799250
257.512909 0.000000 3950.743652 0.000000 0.724901 0.000000 0.688853 0.734890 0.734890 0.734890
256.750549 0.000000 3975.931396 0.000000 0.425253 0.000000 -0.905074 0.910513 0.910513 0.910513
267.488190 0.000000 3983.720703 0.000000 0.999097 0.000000 -0.042484 0.801961 0.801961 0.801961
283.529022 0.000000 3968.375977 0.000000 0.621670 0.000000 -0.783280 0.832892 0.832892 0.832892
274.605133 0.000000 3990.964844 0.000000 0.999888 0.000000 0.014954 0.798056 0.798056 0.798056
264.221283 0.000000 3990.685059 0.000000 0.159896 0.000000 0.987134 0.669876 0.669876 0.669876
277.493896 0.000000 3971.975830 0.000000 0.016815 0.000000 0.999859 0.697579 0.697579 0.697579
285.208099 0.000000 3974.763916 0.000000 0.535677 0.000000 -0.844423 0.880730 0.880730 0.880730
285.637543 0.000000 3981.300781 0.000000 0.785890 0.000000 0.618367 0.755262 0.755262 0.755262
269.486603 0.000000 3988.908447 0.000000 0.271344 0.000000 -0.962482 0.964625 0.964625 0.964625
273.748535 0.000000 3968.283203 0.000000 0.340201 0.000000 -0.940353 0.929041 0.929041 0.929041
256.114624 0.000000 3980.443359 0.000000 0.628326 0.000000 -0.777950 0.844330 0.844330 0.844330
268.507294 0.000000 3979.169922 0.000000 0.941247 0.000000 0.337720 0.784519 0.784519 0.784519
280.881317 0.000000 3974.743896 0.000000 0.999664 0.000000 0.025929 0.797421 0.797421 0.797421
270.386261 0.000000 3975.658691 0.000000 0.977511 0.000000 0.210882 0.772628 0.772628 0.772628
283.688293 0.000000 3978.264893 0.000000 0.571353 0.000000 0.820705 0.689833 0.689833 0.689833
285.835022 0.000000 3971.189209 0.000000 0.999996 0.000000 -0.002642 0.800180 0.800180 0.800180
282.761993 0.000000 3983.115967 0.000000 0.898563 0.000000 0.438845 0.756446 0.756446 0.756446
275.478882 0.000000 3994.200928 0.000000 0.503223 0.000000 -0.864156 0.896284 0.896284 0.896284
286.826721 0.000000 3968.403076 0.000000 0.387925 0.000000 -0.921691 0.914504 0.914504 0.914504
288.183655 0.000000 3969.648682 0.000000 0.950228 0.000000 0.311557 0.773803 0.773803 0.773803
"}
