object={
	name="tree_pine_01_b_generator_1_0"
	clamp_to_water_level=no
	render_under_water=no
	generated_content=yes
	layer="tree_high_layer"
	pdxmesh="tree_pine_01_b_mesh"
	count=36
	transform="6609.064453 0.000000 1745.424316 0.000000 0.167747 0.000000 0.985830 0.400000 0.400000 0.400000
6618.973145 0.000000 1769.816772 0.000000 0.321103 0.000000 0.947044 0.400000 0.400000 0.400000
6613.573242 0.000000 1728.357666 0.000000 0.274179 0.000000 -0.961679 0.400000 0.400000 0.400000
6592.229492 0.000000 1752.886719 0.000000 0.210434 0.000000 -0.977608 0.400000 0.400000 0.400000
6611.637207 0.000000 1737.028809 0.000000 0.254857 0.000000 0.966979 0.400000 0.400000 0.400000
6644.677734 0.000000 1774.331421 0.000000 0.999865 0.000000 -0.016449 0.400000 0.400000 0.400000
6644.888672 0.000000 1735.308228 0.000000 0.690073 0.000000 0.723740 0.400000 0.400000 0.400000
6631.853027 0.000000 1767.449951 0.000000 0.728260 0.000000 -0.685301 0.400000 0.400000 0.400000
6645.523926 0.000000 1758.232056 0.000000 0.888262 0.000000 -0.459338 0.400000 0.400000 0.400000
6643.179688 0.000000 1782.579102 0.000000 0.595402 0.000000 0.803428 0.400000 0.400000 0.400000
6648.699219 0.000000 1767.607056 0.000000 0.627906 0.000000 -0.778290 0.400000 0.400000 0.400000
6592.934570 0.000000 1784.146240 0.000000 0.780179 0.000000 0.625557 0.400000 0.400000 0.400000
6619.751465 0.000000 1760.042847 0.000000 0.408043 0.000000 0.912963 0.400000 0.400000 0.400000
6649.374023 0.000000 1775.420776 0.000000 0.443038 0.000000 0.896503 0.400000 0.400000 0.400000
6646.080078 0.000000 1790.430054 0.000000 0.906916 0.000000 0.421311 0.400000 0.400000 0.400000
6617.606445 0.000000 1728.135986 0.000000 0.900068 0.000000 -0.435749 0.400000 0.400000 0.400000
6609.253906 0.000000 1785.669556 0.000000 0.367064 0.000000 0.930196 0.400000 0.400000 0.400000
6625.726562 0.000000 1774.735229 0.000000 0.944764 0.000000 -0.327752 0.400000 0.400000 0.400000
6642.858398 0.000000 1791.878296 0.000000 0.147779 0.000000 -0.989020 0.400000 0.400000 0.400000
6612.391113 0.000000 1744.639160 0.000000 0.516796 0.000000 -0.856108 0.400000 0.400000 0.400000
6645.457520 0.000000 1767.845825 0.000000 0.882139 0.000000 0.470988 0.400000 0.400000 0.400000
6592.769531 0.000000 1728.060547 0.000000 0.433843 0.000000 0.900989 0.400000 0.400000 0.400000
6629.543457 0.000000 1751.342041 0.000000 0.474648 0.000000 0.880176 0.400000 0.400000 0.400000
6626.570801 0.000000 1783.112549 0.000000 0.366275 0.000000 0.930507 0.400000 0.400000 0.400000
6610.536133 0.000000 1729.220215 0.000000 0.993896 0.000000 0.110317 0.400000 0.400000 0.400000
6628.946777 0.000000 1790.796997 0.000000 0.943840 0.000000 0.330402 0.400000 0.400000 0.400000
6644.455566 0.000000 1742.905273 0.000000 0.748019 0.000000 0.663677 0.400000 0.400000 0.400000
6610.725586 0.000000 1753.385376 0.000000 0.502486 0.000000 -0.864586 0.400000 0.400000 0.400000
6631.165039 0.000000 1783.206543 0.000000 0.993548 0.000000 0.113412 0.400000 0.400000 0.400000
6616.228027 0.000000 1753.582642 0.000000 0.856354 0.000000 0.516389 0.400000 0.400000 0.400000
6627.559570 0.000000 1759.153198 0.000000 0.875427 0.000000 0.483351 0.400000 0.400000 0.400000
6642.325684 0.000000 1751.655396 0.000000 0.490347 0.000000 -0.871527 0.400000 0.400000 0.400000
6629.225586 0.000000 1767.619141 0.000000 0.418408 0.000000 0.908259 0.400000 0.400000 0.400000
6625.335938 0.000000 1751.397827 0.000000 0.891587 0.000000 -0.452849 0.400000 0.400000 0.400000
6642.907715 0.000000 1758.654053 0.000000 0.829173 0.000000 0.558993 0.400000 0.400000 0.400000
6631.393066 0.000000 1743.058472 0.000000 0.622712 0.000000 0.782451 0.400000 0.400000 0.400000
"}
