object={
	name="cliff coastline 01"
	clamp_to_water_level=no
	render_under_water=yes
	generated_content=no
	layer="temp_layer"
	pdxmesh="cliff_coastline_01_mesh"
	count=16
	transform="2292.345459 -2.972900 1214.837036 0.000000 0.592448 0.000000 0.805609 0.994116 0.994116 0.994116
2291.410156 -3.400269 1216.056152 0.000000 -0.890197 0.000000 0.455575 0.994116 0.994116 0.994116
2090.051514 -3.269409 2031.757568 0.000000 0.000000 0.000000 1.000000 1.000000 1.000000 1.000000
3168.227783 -2.095581 1717.504150 0.000000 -0.300016 0.000000 -0.953934 0.748730 0.748730 0.748730
3090.008789 -8.549683 1732.210938 0.000000 -0.312409 0.000000 -0.949948 1.968426 1.968426 1.968426
3093.380127 -9.040894 1734.293457 0.000000 0.990459 0.000000 -0.137809 1.968426 1.968426 1.968426
3091.654541 -9.040894 1733.523926 0.000000 0.000000 0.000000 1.000000 2.180898 2.180898 2.180898
2055.408447 0.439697 1310.861450 0.000000 -0.999524 0.000000 -0.030853 1.296924 1.296924 1.296924
2035.553223 -0.027588 1307.457886 0.000000 -0.912168 0.000000 0.409816 1.929604 1.929604 1.929604
2041.463501 -2.658325 1300.917480 0.000000 0.000000 0.000000 1.000000 1.404895 1.404895 1.404895
2033.949219 -7.744507 1305.400391 0.000000 -0.622782 0.000000 -0.782396 2.513836 2.513836 2.513836
2036.076782 -2.646484 1305.938965 0.000000 -0.831725 0.000000 0.555187 1.746057 1.746057 1.746057
2060.415527 -2.646484 1266.801025 0.000000 -0.831725 0.000000 0.555187 1.746057 1.746057 1.746057
2025.576294 -0.588745 1256.667236 0.000000 0.000000 0.000000 1.000000 1.000000 1.000000 1.000000
2039.596313 -1.838501 1275.684937 0.000000 0.000000 0.000000 1.000000 1.000000 1.000000 1.000000
2046.579956 0.000000 1280.208862 0.000000 0.000000 0.000000 1.000000 1.000000 1.000000 1.000000
"}
object={
	name="cliff coastline 02"
	clamp_to_water_level=no
	render_under_water=yes
	generated_content=no
	layer="temp_layer"
	pdxmesh="cliff_coastline_02_mesh"
	count=8
	transform="2091.355957 -2.789795 2033.007446 0.000000 0.000000 0.000000 1.000000 1.000000 1.000000 1.000000
3482.063721 -1.446655 1732.932373 0.000000 0.987812 0.000000 -0.155650 1.000000 1.000000 1.000000
2016.265503 0.470093 1243.182251 0.000000 0.482497 0.000000 -0.875898 0.861159 0.861159 0.861159
2056.764160 0.470093 1264.786011 0.000000 -0.999951 0.000000 -0.009953 0.861159 0.861159 0.861159
2043.236450 0.579834 1278.382812 0.000000 0.127853 0.000000 0.991793 0.861159 0.861159 0.861159
2020.623169 0.579834 1304.424072 0.000000 0.512826 0.000000 -0.858492 1.210075 1.210075 1.210075
2048.267578 -0.367065 1341.443237 0.000000 0.512826 0.000000 -0.858492 1.210075 1.210075 1.210075
2071.431396 -2.767334 1340.235107 0.000000 0.000000 0.000000 1.000000 2.137146 2.137146 2.137146
"}
