object={
	name="env_desert_plains"
	clamp_to_water_level=no
	render_under_water=no
	generated_content=no
	layer="env_effect_layer"
	entity="env_desert_plains"
	count=79
	transform="2214.169434 0.000000 89.582947 0.000000 0.000000 0.000000 1.000000 1.000000 1.000000 1.000000
2173.744141 0.000000 278.708130 0.000000 0.000000 0.000000 1.000000 1.000000 1.000000 1.000000
2375.834473 0.000000 250.465820 0.000000 0.000000 0.000000 1.000000 1.000000 1.000000 1.000000
2279.976318 0.000000 176.281860 0.000000 0.000000 0.000000 1.000000 1.000000 1.000000 1.000000
2492.444336 0.000000 92.411819 0.000000 0.000000 0.000000 1.000000 1.000000 1.000000 1.000000
2519.512939 0.000000 227.359589 0.000000 0.000000 0.000000 1.000000 1.000000 1.000000 1.000000
2652.136963 0.000000 139.779175 0.000000 0.000000 0.000000 1.000000 1.000000 1.000000 1.000000
2702.847900 0.000000 41.069214 0.000000 0.000000 0.000000 1.000000 1.000000 1.000000 1.000000
2715.000244 0.000000 167.058594 0.000000 0.000000 0.000000 1.000000 1.000000 1.000000 1.000000
2885.677490 0.000000 164.299500 0.000000 0.000000 0.000000 1.000000 1.000000 1.000000 1.000000
2850.734863 0.000000 33.259621 0.000000 0.000000 0.000000 1.000000 1.000000 1.000000 1.000000
2551.035889 0.000000 333.322327 0.000000 0.000000 0.000000 1.000000 1.000000 1.000000 1.000000
2481.460938 0.000000 451.629944 0.000000 0.000000 0.000000 1.000000 1.000000 1.000000 1.000000
2572.658936 0.000000 425.959930 0.000000 0.000000 0.000000 1.000000 1.000000 1.000000 1.000000
1873.851074 0.000000 294.924622 0.000000 0.000000 0.000000 1.000000 1.000000 1.000000 1.000000
1765.597412 0.000000 204.555313 0.000000 0.000000 0.000000 1.000000 1.000000 1.000000 1.000000
1658.081909 0.000000 143.275681 0.000000 0.000000 0.000000 1.000000 1.000000 1.000000 1.000000
1565.228638 0.000000 81.702644 0.000000 0.000000 0.000000 1.000000 1.000000 1.000000 1.000000
1718.436646 0.000000 449.949890 0.000000 0.000000 0.000000 1.000000 1.000000 1.000000 1.000000
1611.825439 0.000000 332.101318 0.000000 0.000000 0.000000 1.000000 1.000000 1.000000 1.000000
1528.428711 0.000000 219.304474 0.000000 0.000000 0.000000 1.000000 1.000000 1.000000 1.000000
1403.407104 0.000000 110.985580 0.000000 0.000000 0.000000 1.000000 1.000000 1.000000 1.000000
1189.510254 0.000000 126.591393 0.000000 0.000000 0.000000 1.000000 1.000000 1.000000 1.000000
1403.746704 0.000000 278.577881 0.000000 0.000000 0.000000 1.000000 1.000000 1.000000 1.000000
1452.146240 0.000000 355.126038 0.000000 0.000000 0.000000 1.000000 1.000000 1.000000 1.000000
1547.629395 0.000000 467.827209 0.000000 0.000000 0.000000 1.000000 1.000000 1.000000 1.000000
1556.719727 0.000000 553.693726 0.000000 0.000000 0.000000 1.000000 1.000000 1.000000 1.000000
1608.429932 0.000000 652.035034 0.000000 0.000000 0.000000 1.000000 1.000000 1.000000 1.000000
1713.439575 0.000000 669.546631 0.000000 0.000000 0.000000 1.000000 1.000000 1.000000 1.000000
1388.804688 0.000000 640.696716 0.000000 0.000000 0.000000 1.000000 1.000000 1.000000 1.000000
1180.768677 0.000000 491.373260 0.000000 0.000000 0.000000 1.000000 1.000000 1.000000 1.000000
1183.539062 0.000000 366.769012 0.000000 0.000000 0.000000 1.000000 1.000000 1.000000 1.000000
1184.292236 0.000000 237.868637 0.000000 0.000000 0.000000 1.000000 1.000000 1.000000 1.000000
1025.290405 0.000000 95.432358 0.000000 0.000000 0.000000 1.000000 1.000000 1.000000 1.000000
849.652100 0.000000 149.464371 0.000000 0.000000 0.000000 1.000000 1.000000 1.000000 1.000000
1008.012207 0.000000 317.217987 0.000000 0.000000 0.000000 1.000000 1.000000 1.000000 1.000000
1014.734009 0.000000 424.599365 0.000000 0.000000 0.000000 1.000000 1.000000 1.000000 1.000000
1089.941406 0.000000 529.752686 0.000000 0.000000 0.000000 1.000000 1.000000 1.000000 1.000000
1174.552734 0.000000 664.233398 0.000000 0.000000 0.000000 1.000000 1.000000 1.000000 1.000000
1146.760620 0.000000 740.056152 0.000000 0.000000 0.000000 1.000000 1.000000 1.000000 1.000000
1016.966125 0.000000 586.105652 0.000000 0.000000 0.000000 1.000000 1.000000 1.000000 1.000000
851.872009 0.000000 447.234558 0.000000 0.000000 0.000000 1.000000 1.000000 1.000000 1.000000
860.114868 0.000000 335.754089 0.000000 0.000000 0.000000 1.000000 1.000000 1.000000 1.000000
746.262451 0.000000 200.603439 0.000000 0.000000 0.000000 1.000000 1.000000 1.000000 1.000000
698.107178 0.000000 121.119278 0.000000 0.000000 0.000000 1.000000 1.000000 1.000000 1.000000
509.901520 0.000000 96.023499 0.000000 0.000000 0.000000 1.000000 1.000000 1.000000 1.000000
545.975830 0.000000 226.453644 0.000000 0.000000 0.000000 1.000000 1.000000 1.000000 1.000000
556.692261 0.000000 316.971954 0.000000 0.000000 0.000000 1.000000 1.000000 1.000000 1.000000
598.573730 0.000000 374.192505 0.000000 0.000000 0.000000 1.000000 1.000000 1.000000 1.000000
706.237122 0.000000 399.951324 0.000000 0.000000 0.000000 1.000000 1.000000 1.000000 1.000000
656.083862 0.000000 511.143921 0.000000 0.000000 0.000000 1.000000 1.000000 1.000000 1.000000
728.450928 0.000000 573.617554 0.000000 0.000000 0.000000 1.000000 1.000000 1.000000 1.000000
392.910889 0.000000 227.155167 0.000000 0.000000 0.000000 1.000000 1.000000 1.000000 1.000000
360.063141 0.000000 125.342987 0.000000 0.000000 0.000000 1.000000 1.000000 1.000000 1.000000
208.711899 0.000000 111.715767 0.000000 0.000000 0.000000 1.000000 1.000000 1.000000 1.000000
229.540680 0.000000 214.173691 0.000000 0.000000 0.000000 1.000000 1.000000 1.000000 1.000000
192.507736 0.000000 248.771317 0.000000 0.000000 0.000000 1.000000 1.000000 1.000000 1.000000
70.346497 0.000000 209.925964 0.000000 0.000000 0.000000 1.000000 1.000000 1.000000 1.000000
60.912292 0.000000 61.283722 0.000000 0.000000 0.000000 1.000000 1.000000 1.000000 1.000000
49.345551 0.000000 349.806702 0.000000 0.000000 0.000000 1.000000 1.000000 1.000000 1.000000
212.922623 0.000000 415.295319 0.000000 0.000000 0.000000 1.000000 1.000000 1.000000 1.000000
397.001526 0.000000 418.875610 0.000000 0.000000 0.000000 1.000000 1.000000 1.000000 1.000000
263.648743 0.000000 608.089844 0.000000 0.000000 0.000000 1.000000 1.000000 1.000000 1.000000
332.612701 0.000000 720.118164 0.000000 0.000000 0.000000 1.000000 1.000000 1.000000 1.000000
205.987610 0.000000 770.783325 0.000000 0.000000 0.000000 1.000000 1.000000 1.000000 1.000000
140.555206 0.000000 135.014877 0.000000 0.000000 0.000000 1.000000 1.000000 1.000000 1.000000
358.509216 0.000000 94.934120 0.000000 0.000000 0.000000 1.000000 1.000000 1.000000 1.000000
569.302979 0.000000 144.796478 0.000000 0.000000 0.000000 1.000000 1.000000 1.000000 1.000000
660.425476 0.000000 250.081665 0.000000 0.000000 0.000000 1.000000 1.000000 1.000000 1.000000
740.685913 0.000000 90.937790 0.000000 0.000000 0.000000 1.000000 1.000000 1.000000 1.000000
1076.998535 0.000000 178.018204 0.000000 0.000000 0.000000 1.000000 1.000000 1.000000 1.000000
1299.621704 0.000000 255.823578 0.000000 0.000000 0.000000 1.000000 1.000000 1.000000 1.000000
1313.986572 0.000000 425.298004 0.000000 0.000000 0.000000 1.000000 1.000000 1.000000 1.000000
1420.805054 0.000000 508.531189 0.000000 0.000000 0.000000 1.000000 1.000000 1.000000 1.000000
1720.401611 0.000000 307.286011 0.000000 0.000000 0.000000 1.000000 1.000000 1.000000 1.000000
2093.048584 0.000000 64.758514 0.000000 0.000000 0.000000 1.000000 1.000000 1.000000 1.000000
2107.357666 0.000000 179.508270 0.000000 0.000000 0.000000 1.000000 1.000000 1.000000 1.000000
2372.552246 0.000000 60.965446 0.000000 0.000000 0.000000 1.000000 1.000000 1.000000 1.000000
2596.131104 0.000000 53.309395 0.000000 0.000000 0.000000 1.000000 1.000000 1.000000 1.000000
"}
object={
	name="env_fish_m"
	clamp_to_water_level=yes
	render_under_water=yes
	generated_content=no
	layer="env_effect_layer"
	entity="env_fish_m"
	count=0
}
object={
	name="env_mist"
	clamp_to_water_level=yes
	render_under_water=no
	generated_content=no
	layer="env_effect_layer"
	entity="env_mist"
	count=79
	transform="3183.283203 9.395874 1512.571533 0.000000 0.000000 0.000000 1.000000 2.301440 2.301440 2.301440
3050.515137 9.395874 1496.789307 0.000000 0.000000 0.000000 1.000000 2.301440 2.301440 2.301440
3363.573242 9.395874 1216.660156 0.000000 0.000000 0.000000 1.000000 2.301440 2.301440 2.301440
3319.328369 9.395874 1377.274292 0.000000 0.000000 0.000000 1.000000 2.301440 2.301440 2.301440
3202.645264 9.395874 1375.860596 0.000000 0.000000 0.000000 1.000000 2.301440 2.301440 2.301440
3127.088867 9.395874 1480.639282 0.000000 0.000000 0.000000 1.000000 2.301440 2.301440 2.301440
3106.048340 9.395874 1366.241089 0.000000 0.000000 0.000000 1.000000 2.301440 2.301440 2.301440
3026.278076 9.395874 1372.825928 0.000000 0.000000 0.000000 1.000000 2.301440 2.301440 2.301440
3137.126221 0.000000 1400.626099 0.000000 0.000000 0.000000 1.000000 2.301440 2.301440 2.301440
3250.176025 0.000000 1395.108643 0.000000 0.000000 0.000000 1.000000 2.301440 2.301440 2.301440
3387.492188 0.000000 1388.335327 0.000000 0.000000 0.000000 1.000000 2.301440 2.301440 2.301440
3518.863770 0.000000 1468.105225 0.000000 0.000000 0.000000 1.000000 2.301440 2.301440 2.301440
3416.860840 0.000000 1453.905518 0.000000 0.000000 0.000000 1.000000 2.301440 2.301440 2.301440
3305.039795 0.000000 1479.671631 0.000000 0.000000 0.000000 1.000000 2.301440 2.301440 2.301440
3241.668701 0.000000 1510.487183 0.000000 0.000000 0.000000 1.000000 2.301440 2.301440 2.301440
3155.302734 0.000000 1566.325073 0.000000 0.000000 0.000000 1.000000 2.301440 2.301440 2.301440
3246.749023 0.000000 1602.436890 0.000000 0.000000 0.000000 1.000000 2.301440 2.301440 2.301440
3329.873779 0.000000 1573.095337 0.000000 0.000000 0.000000 1.000000 2.301440 2.301440 2.301440
3410.812012 0.000000 1549.394165 0.000000 0.000000 0.000000 1.000000 2.301440 2.301440 2.301440
3509.052002 0.000000 1583.520752 0.000000 0.000000 0.000000 1.000000 2.301440 2.301440 2.301440
3546.624512 0.000000 1675.850830 0.000000 0.000000 0.000000 1.000000 2.301440 2.301440 2.301440
3438.621094 0.000000 1646.768188 0.000000 0.000000 0.000000 1.000000 2.301440 2.301440 2.301440
3350.215332 0.000000 1657.741211 0.000000 0.000000 0.000000 1.000000 2.301440 2.301440 2.301440
2922.015381 0.000000 2045.334106 0.000000 0.000000 0.000000 1.000000 2.301440 2.301440 2.301440
2981.161865 0.000000 2018.436890 0.000000 0.000000 0.000000 1.000000 2.301440 2.301440 2.301440
3053.811035 0.000000 1949.629639 0.000000 0.000000 0.000000 1.000000 2.301440 2.301440 2.301440
3080.269287 0.000000 2010.049194 0.000000 0.000000 0.000000 1.000000 2.301440 2.301440 2.301440
3180.151855 0.000000 2055.483154 0.000000 0.000000 0.000000 1.000000 2.301440 2.301440 2.301440
3105.758545 0.000000 2084.798584 0.000000 0.000000 0.000000 1.000000 2.301440 2.301440 2.301440
3028.760986 0.000000 2099.385742 0.000000 0.000000 0.000000 1.000000 2.301440 2.301440 2.301440
2953.631104 0.000000 2094.438232 0.000000 0.000000 0.000000 1.000000 2.301440 2.301440 2.301440
2935.884277 0.000000 2167.384277 0.000000 0.000000 0.000000 1.000000 2.301440 2.301440 2.301440
3004.442383 0.000000 2182.384277 0.000000 0.000000 0.000000 1.000000 2.301440 2.301440 2.301440
3093.017334 0.000000 2176.358887 0.000000 0.000000 0.000000 1.000000 2.301440 2.301440 2.301440
3201.441406 0.000000 2153.248047 0.000000 0.000000 0.000000 1.000000 2.301440 2.301440 2.301440
3335.088867 0.000000 2106.059082 0.000000 0.000000 0.000000 1.000000 2.301440 2.301440 2.301440
3307.919434 0.000000 2022.286255 0.000000 0.000000 0.000000 1.000000 2.301440 2.301440 2.301440
3237.769531 0.000000 1947.243774 0.000000 0.000000 0.000000 1.000000 2.301440 2.301440 2.301440
3156.529541 0.000000 1898.554688 0.000000 0.000000 0.000000 1.000000 2.301440 2.301440 2.301440
3224.750977 0.000000 1888.098633 0.000000 0.000000 0.000000 1.000000 2.301440 2.301440 2.301440
3307.888672 0.000000 1941.429810 0.000000 0.000000 0.000000 1.000000 2.301440 2.301440 2.301440
3392.841309 0.000000 2012.363892 0.000000 0.000000 0.000000 1.000000 2.301440 2.301440 2.301440
3467.774414 0.000000 1966.206177 0.000000 0.000000 0.000000 1.000000 2.301440 2.301440 2.301440
3530.932861 0.000000 1906.480103 0.000000 0.000000 0.000000 1.000000 2.301440 2.301440 2.301440
3577.492920 0.000000 1885.008301 0.000000 0.000000 0.000000 1.000000 2.301440 2.301440 2.301440
3493.040527 0.000000 1823.726807 0.000000 0.000000 0.000000 1.000000 2.301440 2.301440 2.301440
3550.772949 0.000000 1783.817261 0.000000 0.000000 0.000000 1.000000 2.301440 2.301440 2.301440
3707.689941 0.000000 1794.760010 0.000000 0.000000 0.000000 1.000000 2.301440 2.301440 2.301440
3804.918457 0.000000 1723.317261 0.000000 0.000000 0.000000 1.000000 2.301440 2.301440 2.301440
3711.255127 0.000000 1708.012451 0.000000 0.000000 0.000000 1.000000 2.301440 2.301440 2.301440
3791.273926 0.000000 1629.183716 0.000000 0.000000 0.000000 1.000000 2.301440 2.301440 2.301440
3705.471680 0.000000 1606.533569 0.000000 0.000000 0.000000 1.000000 2.301440 2.301440 2.301440
3614.041992 0.000000 1527.917603 0.000000 0.000000 0.000000 1.000000 2.301440 2.301440 2.301440
3560.612305 0.000000 1424.984985 0.000000 0.000000 0.000000 1.000000 2.301440 2.301440 2.301440
3673.983398 0.000000 1430.861938 0.000000 0.000000 0.000000 1.000000 2.301440 2.301440 2.301440
3722.421875 0.000000 1516.851685 0.000000 0.000000 0.000000 1.000000 2.301440 2.301440 2.301440
3782.043457 0.000000 1443.178467 0.000000 0.000000 0.000000 1.000000 2.301440 2.301440 2.301440
3713.968018 0.000000 1367.179199 0.000000 0.000000 0.000000 1.000000 2.301440 2.301440 2.301440
3607.072754 0.000000 1325.729858 0.000000 0.000000 0.000000 1.000000 2.301440 2.301440 2.301440
3495.720459 0.000000 1317.203491 0.000000 0.000000 0.000000 1.000000 2.301440 2.301440 2.301440
3578.355469 0.000000 1827.318848 0.000000 0.000000 0.000000 1.000000 2.301440 2.301440 2.301440
3493.554443 0.000000 1729.455200 0.000000 0.000000 0.000000 1.000000 2.301440 2.301440 2.301440
3550.422119 0.000000 1571.164795 0.000000 0.000000 0.000000 1.000000 2.301440 2.301440 2.301440
3655.716553 0.000000 1510.123779 0.000000 0.000000 0.000000 1.000000 2.301440 2.301440 2.301440
3673.344971 0.000000 1346.386597 0.000000 0.000000 0.000000 1.000000 2.301440 2.301440 2.301440
3543.371094 0.000000 1161.550049 0.000000 0.000000 0.000000 1.000000 2.301440 2.301440 2.301440
3474.937988 0.000000 1394.410034 0.000000 0.000000 0.000000 1.000000 2.301440 2.301440 2.301440
3436.745605 0.000000 1282.341431 0.000000 0.000000 0.000000 1.000000 2.301440 2.301440 2.301440
3367.399170 0.000000 1300.181030 0.000000 0.000000 0.000000 1.000000 2.301440 2.301440 2.301440
3257.542725 0.000000 1300.312256 0.000000 0.000000 0.000000 1.000000 2.301440 2.301440 2.301440
3306.023682 0.000000 1213.898560 0.000000 0.000000 0.000000 1.000000 2.301440 2.301440 2.301440
3349.361572 0.000000 1116.063232 0.000000 0.000000 0.000000 1.000000 2.301440 2.301440 2.301440
3391.815186 0.000000 1184.732056 0.000000 0.000000 0.000000 1.000000 2.301440 2.301440 2.301440
3470.644287 0.000000 1200.523560 0.000000 0.000000 0.000000 1.000000 2.301440 2.301440 2.301440
3560.340332 0.000000 1238.216431 0.000000 0.000000 0.000000 1.000000 2.301440 2.301440 2.301440
3764.175049 0.000000 1238.632080 0.000000 0.000000 0.000000 1.000000 2.301440 2.301440 2.301440
3666.123779 0.000000 1186.534546 0.000000 0.000000 0.000000 1.000000 2.301440 2.301440 2.301440
3582.460938 0.000000 1135.978394 0.000000 0.000000 0.000000 1.000000 2.301440 2.301440 2.301440
3086.446533 0.745117 1759.859253 0.000000 -0.998829 0.000000 0.048378 0.196815 0.196815 0.196815
"}
object={
	name="env_mist_forest"
	clamp_to_water_level=yes
	render_under_water=no
	generated_content=no
	layer="env_effect_layer"
	entity="env_mist_sun"
	count=0
}
object={
	name="env_red_desert"
	clamp_to_water_level=no
	render_under_water=no
	generated_content=no
	layer="env_effect_layer"
	entity="env_red_desert"
	count=7
	transform="4047.200928 0.000000 247.853073 0.000000 0.000000 0.000000 1.000000 1.000000 1.000000 1.000000
4066.356445 0.000000 276.767212 0.000000 0.000000 0.000000 1.000000 1.000000 1.000000 1.000000
4041.725098 0.000000 306.541687 0.000000 0.000000 0.000000 1.000000 1.000000 1.000000 1.000000
4007.632324 0.000000 276.377930 0.000000 0.000000 0.000000 1.000000 1.000000 1.000000 1.000000
4018.614502 0.000000 346.098389 0.000000 -0.142337 0.000000 0.989818 1.000000 1.000000 1.000000
3978.990479 0.000000 366.284424 0.000000 0.000000 0.000000 1.000000 1.000000 1.000000 1.000000
3954.399658 0.000000 393.661499 0.000000 0.000000 0.000000 1.000000 1.000000 1.000000 1.000000
"}
object={
	name="env_river_rapids"
	clamp_to_water_level=yes
	render_under_water=no
	generated_content=no
	layer="env_effect_layer"
	entity="env_river_rapids"
	count=2
	transform="3076.655029 0.385132 1746.456909 0.000000 -0.994874 0.000000 -0.101119 1.000000 1.000000 1.000000
3105.023438 -1.007324 1729.310791 0.000000 -0.923986 0.000000 0.382427 0.649658 0.649658 0.649658
"}
object={
	name="env_sea_fog"
	clamp_to_water_level=yes
	render_under_water=no
	generated_content=no
	layer="env_effect_layer"
	entity="env_sea_fog"
	count=1
	transform="3084.598145 2.945312 1755.666626 0.000000 0.000000 0.000000 1.000000 1.000000 1.000000 1.000000
"}
object={
	name="env_sea_fog_large"
	clamp_to_water_level=yes
	render_under_water=no
	generated_content=no
	layer="env_effect_layer"
	entity="env_sea_fog_large"
	count=0
}
object={
	name="waterfall"
	clamp_to_water_level=yes
	render_under_water=no
	generated_content=no
	layer="env_effect_layer"
	entity="waterfall"
	count=13
	transform="2289.228271 1.783203 1213.747070 0.000000 0.441259 0.000000 0.897380 1.000000 1.000000 1.000000
45.386177 1.404053 446.548096 0.000000 0.973439 0.000000 -0.228948 1.537170 1.537170 1.537170
44.392563 3.988953 444.823181 0.000000 0.973439 0.000000 -0.228948 1.537170 1.537170 1.537170
52.731941 1.953796 428.479950 0.000000 0.999998 0.000000 -0.002215 0.677998 0.677998 0.677998
51.413750 2.565338 428.671661 0.000000 0.999998 0.000000 -0.002215 0.677998 0.677998 0.677998
52.144550 3.110352 432.373932 0.000000 0.999998 0.000000 -0.002215 1.877802 1.877802 1.877802
2191.921631 1.897827 1951.717041 0.000000 0.846426 0.000000 -0.532506 0.463062 0.463062 0.463062
2088.537109 2.734009 2033.652100 0.000000 -0.903570 0.000000 -0.428441 1.000000 1.000000 1.000000
3424.635742 0.000000 1754.111328 0.000000 -0.221089 0.000000 0.975254 1.876953 1.876953 1.876953
3485.160889 2.112183 1734.600464 0.000000 -0.744009 0.000000 0.668170 1.000000 1.000000 1.000000
3187.655273 2.030762 1780.958130 0.000000 -0.818393 0.000000 -0.574659 1.175598 1.175598 1.175598
3090.902832 4.106445 1735.373779 0.000000 -0.974134 0.000000 -0.225972 1.352251 1.352251 1.352251
3090.466309 4.106445 1734.395752 0.000000 -0.920276 0.000000 -0.391271 1.352251 1.352251 1.352251
"}
object={
	name="waterfall_bottom"
	clamp_to_water_level=yes
	render_under_water=no
	generated_content=no
	layer="env_effect_layer"
	entity="waterfall_bottom"
	count=10
	transform="2289.406006 0.000000 1213.011108 0.000000 -0.731692 0.000000 0.681635 1.000000 1.000000 1.000000
44.522141 0.000000 444.488800 0.000000 0.055853 0.000000 0.998439 0.696783 0.696783 0.696783
52.176079 0.610596 433.022919 0.000000 0.000000 0.000000 1.000000 1.000000 1.000000 1.000000
2191.640137 1.368896 1951.671265 0.000000 0.569298 0.000000 0.822131 0.224699 0.224699 0.224699
2087.492920 -0.381104 2034.255981 0.000000 0.399556 0.000000 -0.916709 0.352199 0.352199 0.352199
3423.836914 -0.865234 1755.741333 0.000000 0.962874 0.000000 0.269950 0.780859 0.780859 0.780859
3484.406982 0.036255 1734.888672 0.000000 0.706677 0.000000 0.707537 0.531519 0.531519 0.531519
3187.602539 0.037231 1780.982300 0.000000 -0.587792 0.000000 0.809012 0.408408 0.408408 0.408408
3090.566895 0.315918 1735.241455 0.000000 -0.283942 0.000000 0.958841 0.762754 0.762754 0.762754
3101.872803 0.000000 1732.147339 0.000000 -0.310573 0.000000 0.950549 0.542288 0.542288 0.542288
"}
