object={
	name="big_statue"
	clamp_to_water_level=no
	render_under_water=yes
	generated_content=no
	layer="temp_layer"
	pdxmesh="broken_statue_mesh"
	count=4
	transform="3100.299561 -4.462585 658.689697 0.000000 0.485707 0.000000 0.874122 1.635905 1.635905 1.635905
2678.802734 0.000000 1889.103149 0.000000 0.550894 0.000000 0.834575 1.264819 1.264819 1.264819
2383.077393 0.000000 1604.119141 0.000000 -0.976402 0.000000 0.215962 0.180354 0.180354 0.180354
3406.091309 3.064453 1789.362183 0.000000 0.162888 0.000000 0.986645 0.534204 0.534204 0.534204
"}
object={
	name="hadrians wall 01"
	clamp_to_water_level=no
	render_under_water=yes
	generated_content=no
	layer="temp_layer"
	pdxmesh="hadrians_wall_01_a_mesh"
	count=5
	transform="183.800919 0.000000 678.666992 0.000000 0.970106 0.000000 0.242680 1.747381 1.747381 1.747381
200.234451 0.000000 667.336060 0.000000 -0.499705 0.000000 0.866196 1.747381 1.747381 1.747381
179.002548 0.000000 663.299316 0.000000 0.467558 0.000000 0.883962 1.747381 1.747381 1.747381
2389.484131 0.000000 1607.104492 0.000000 0.999190 0.000000 0.040237 0.326141 0.326141 0.326141
3161.085938 0.000000 1689.753540 0.000000 0.811251 0.000000 0.584698 0.514099 0.514099 0.514099
"}
object={
	name="hadrians wall 02"
	clamp_to_water_level=no
	render_under_water=yes
	generated_content=no
	layer="temp_layer"
	pdxmesh="hadrians_wall_01_b_mesh"
	count=5
	transform="250.442078 0.000000 673.796204 0.000000 -0.314282 0.000000 0.949330 1.000000 1.000000 1.000000
3560.882080 0.000000 848.263611 0.000000 -0.730463 0.000000 0.682952 1.000000 1.000000 1.000000
2192.696777 0.000000 1945.967407 0.000000 -0.218916 0.000000 0.975744 0.530625 0.530625 0.530625
3155.350586 0.000000 1750.439941 0.000000 0.451254 0.000000 0.892395 0.436877 0.436877 0.436877
3160.208740 0.000000 1693.128906 0.000000 0.472609 0.000000 0.881272 0.536792 0.536792 0.536792
"}
object={
	name="hadrians wall 03"
	clamp_to_water_level=no
	render_under_water=yes
	generated_content=no
	layer="temp_layer"
	pdxmesh="hadrians_wall_01_c_mesh"
	count=16
	transform="195.411179 0.000000 680.736633 0.000000 -0.289205 0.000000 -0.957267 1.701177 1.701177 1.701177
195.526855 0.000000 660.578491 0.000000 -0.982424 0.000000 -0.186662 1.701177 1.701177 1.701177
186.961945 0.000000 658.062622 0.000000 -0.984574 0.000000 0.174971 1.701177 1.701177 1.701177
176.444992 0.000000 672.280151 0.000000 -0.410077 0.000000 0.912051 1.701177 1.701177 1.701177
200.811722 0.000000 677.351868 0.000000 0.594040 0.000000 0.804435 1.701177 1.701177 1.701177
3558.665771 0.000000 840.721130 0.000000 -0.953793 0.000000 -0.300465 1.000000 1.000000 1.000000
2189.999023 0.000000 1949.793701 0.000000 0.801159 0.000000 0.598451 0.489380 0.489380 0.489380
2189.783447 0.000000 1947.976807 0.000000 0.911247 0.000000 0.411861 0.489380 0.489380 0.489380
2192.157715 0.000000 1948.453491 0.000000 -0.917081 0.000000 -0.398701 0.579138 0.579138 0.579138
2190.079590 0.000000 1945.148804 0.000000 -0.993837 0.000000 0.110851 0.579138 0.579138 0.579138
2190.668457 0.000000 1947.256226 0.000000 -0.993837 0.000000 0.110851 0.579138 0.579138 0.579138
2383.247803 0.000000 1608.122559 0.000000 -0.197156 0.000000 0.980372 0.451587 0.451587 0.451587
3194.336670 0.000000 1779.840942 0.000000 0.953683 0.000000 -0.300814 0.658264 0.658264 0.658264
3162.915283 0.000000 1759.783813 0.000000 0.932518 0.000000 0.361123 0.541614 0.541614 0.541614
3156.895020 0.000000 1697.137207 0.000000 0.260981 0.000000 0.965344 0.536364 0.536364 0.536364
3158.782959 0.000000 1690.178833 0.000000 -0.863180 0.000000 0.504896 0.469259 0.469259 0.469259
"}
object={
	name="hadrians wall 04"
	clamp_to_water_level=no
	render_under_water=yes
	generated_content=no
	layer="temp_layer"
	pdxmesh="hadrians_wall_01_d_mesh"
	count=6
	transform="178.991867 0.000000 667.526489 0.000000 0.504640 0.000000 0.863330 2.229578 2.229578 2.229578
199.158768 0.000000 675.879639 0.000000 0.000000 0.000000 1.000000 1.000000 1.000000 1.000000
194.076050 0.000000 662.529541 0.000000 -0.835071 0.000000 0.550142 1.000000 1.000000 1.000000
187.492264 0.000000 668.762756 0.000000 0.000000 0.000000 1.000000 1.432983 1.432983 1.432983
3122.338867 0.000000 1739.697266 0.000000 -0.702823 0.000000 0.711365 1.000000 1.000000 1.000000
3158.259277 0.000000 1695.751831 0.000000 0.000000 0.000000 1.000000 0.629858 0.629858 0.629858
"}
object={
	name="mines"
	clamp_to_water_level=no
	render_under_water=yes
	generated_content=no
	layer="temp_layer"
	pdxmesh="building_special_mines_mesh"
	count=17
	transform="3123.170654 0.000000 1116.456421 0.000000 0.577524 0.000000 0.816374 0.939600 0.939600 0.939600
2753.833496 0.000000 1440.955811 0.000000 0.000000 0.000000 1.000000 1.358618 1.358618 1.358618
2961.766846 0.000000 1153.877441 0.000000 0.509004 0.000000 0.860764 1.198914 1.198914 1.198914
3128.610840 0.000000 1195.062378 0.000000 0.432172 0.000000 0.901791 0.826819 0.826819 0.826819
3083.437500 0.000000 727.469299 0.000000 0.269455 0.000000 0.963013 1.000000 1.000000 1.000000
3349.909180 0.000000 793.030273 0.000000 0.796607 0.000000 0.604498 1.000000 1.000000 1.000000
3949.928467 0.000000 694.109436 0.000000 -0.505374 0.000000 0.862900 1.140375 1.140375 1.140375
3660.150635 0.000000 906.873291 0.000000 0.732669 0.000000 0.680585 1.049904 1.049904 1.049904
2810.016846 2.703735 1905.563477 0.000000 -0.590849 0.000000 0.806782 0.748715 0.748715 0.748715
2172.428711 0.000000 413.803375 0.000000 0.998964 0.000000 0.045512 1.264980 1.264980 1.264980
101.713943 0.181824 660.394653 0.000000 -0.839159 0.000000 -0.543887 1.031654 1.031654 1.031654
587.318787 0.000000 1079.105835 0.000000 0.000000 0.000000 1.000000 2.115822 2.115822 2.115822
674.934631 0.000000 660.835144 0.000000 0.999731 0.000000 -0.023173 1.791121 1.791121 1.791121
1861.473999 0.000000 560.011108 0.000000 0.000000 0.000000 1.000000 1.333826 1.333826 1.333826
1736.239746 0.000000 935.809875 0.000000 0.000000 0.000000 1.000000 1.366784 1.366784 1.366784
1743.791016 0.000000 49.526344 0.000000 -0.419761 0.000000 0.907635 1.466059 1.466059 1.466059
2530.888672 0.000000 1921.535522 0.000000 0.687844 0.000000 0.725859 1.713656 1.713656 1.713656
"}
object={
	name="sea_tower"
	clamp_to_water_level=no
	render_under_water=yes
	generated_content=no
	layer="temp_layer"
	pdxmesh="underwater_building_mesh"
	count=25
	transform="2047.732910 -12.228394 1306.841431 0.000000 -0.967953 0.000000 -0.251132 3.108256 3.108256 3.108256
2384.311035 -2.015991 1605.499634 0.000000 0.144965 0.000000 0.989437 0.235090 0.235090 0.235090
2382.859131 -1.813232 1605.982422 0.000000 0.144965 0.000000 0.989437 0.226257 0.226257 0.226257
2382.217773 -1.813232 1603.980835 0.000000 0.144965 0.000000 0.989437 0.226257 0.226257 0.226257
2383.776123 -1.813232 1603.440186 0.000000 0.144965 0.000000 0.989437 0.226257 0.226257 0.226257
2371.722656 -21.592041 1845.107422 0.000000 0.000000 0.000000 1.000000 1.514148 1.514148 1.514148
3834.147461 -3.642090 921.021179 0.000000 0.405793 0.000000 0.913965 1.561401 1.561401 1.561401
25.335327 -15.262695 902.290405 0.000000 0.000000 0.000000 1.000000 2.047388 2.047388 2.047388
3392.527588 -14.470581 1779.101562 0.000000 0.542513 0.000000 0.840048 1.176428 1.176428 1.176428
3281.733643 -50.526733 1713.906860 0.000000 -0.989420 0.000000 0.145081 3.693923 3.693923 3.693923
3420.899170 -8.060181 1794.853760 0.000000 -0.992754 0.000000 -0.120166 0.675024 0.675024 0.675024
3399.805420 -8.060181 1791.152832 0.000000 -0.998155 0.000000 0.060719 0.675024 0.675024 0.675024
3410.907715 -18.362305 1797.153809 0.000000 -0.970509 0.000000 0.241067 1.437580 1.437580 1.437580
3371.446289 -14.551392 1819.475342 0.000000 -0.952364 0.000000 0.304965 1.231919 1.231919 1.231919
3360.595703 -14.551392 1818.941284 0.000000 -0.973718 0.000000 -0.227755 1.231919 1.231919 1.231919
3321.402832 -43.827148 1794.255981 0.000000 -0.630423 0.000000 0.776251 2.865058 2.865058 2.865058
3313.445312 -27.415527 1758.188354 0.000000 -0.630423 0.000000 0.776251 2.055755 2.055755 2.055755
3361.741211 -26.309937 1741.820557 0.000000 -0.832250 0.000000 0.554400 1.789912 1.789912 1.789912
3406.954834 -26.309937 1739.613037 0.000000 -0.832250 0.000000 0.554400 1.789912 1.789912 1.789912
3419.213867 -26.309937 1774.473145 0.000000 -0.832250 0.000000 0.554400 1.789912 1.789912 1.789912
3442.890869 -17.593994 1724.912842 0.000000 -0.130063 0.000000 0.991506 1.372919 1.372919 1.372919
3418.657715 -14.901245 1725.455566 0.000000 0.457670 0.000000 0.889122 1.372919 1.372919 1.372919
3403.200684 -29.791992 1749.579834 0.000000 0.457670 0.000000 0.889122 2.304561 2.304561 2.304561
3398.979004 -14.470581 1774.780273 0.000000 0.201372 0.000000 0.979515 1.176428 1.176428 1.176428
3405.503662 -12.732300 1772.059814 0.000000 0.322124 0.000000 0.946697 1.176428 1.176428 1.176428
"}
object={
	name="sea_tower_variant_1"
	clamp_to_water_level=no
	render_under_water=no
	generated_content=no
	layer="temp_layer"
	pdxmesh="underwater_building_mesh"
	count=1
	transform="3327.692139 -31.229858 1724.855591 0.000000 -0.927300 0.000000 0.374319 2.382152 2.382152 2.382152
"}
object={
	name="special_brihadeeswarar_temple"
	clamp_to_water_level=no
	render_under_water=yes
	generated_content=no
	layer="temp_layer"
	pdxmesh="building_special_brihadeeswarar_temple_mesh"
	count=3
	transform="1275.307495 0.000000 849.213440 0.000000 0.709327 0.000000 0.704879 0.649242 0.649242 0.649242
51.669495 -5.923401 424.477936 0.000000 0.758860 0.000000 0.651254 2.149673 2.149673 2.149673
32.623802 -3.554077 437.106079 0.000000 0.803894 0.000000 0.594773 1.703836 1.703836 1.703836
"}
object={
	name="special_building_petra"
	clamp_to_water_level=no
	render_under_water=yes
	generated_content=no
	layer="temp_layer"
	pdxmesh="building_special_petra_mesh"
	count=3
	transform="27.943642 -12.866058 445.275177 0.000000 0.468841 0.000000 -0.883283 0.945621 0.945621 0.945621
41.297859 -2.241058 440.020721 0.000000 0.468841 0.000000 -0.883283 0.343320 0.343320 0.343320
43.323475 -1.766113 442.927277 0.000000 0.468841 0.000000 -0.883283 0.401205 0.401205 0.401205
"}
object={
	name="special_cathedral_generic"
	clamp_to_water_level=no
	render_under_water=yes
	generated_content=no
	layer="temp_layer"
	pdxmesh="building_special_cathedral_generic_mesh"
	count=0
}
object={
	name="special_cathedral_pagan"
	clamp_to_water_level=no
	render_under_water=yes
	generated_content=no
	layer="temp_layer"
	pdxmesh="building_special_cathedral_pagan_mesh"
	count=1
	transform="3069.136475 0.000000 1737.469238 0.000000 0.000000 0.000000 1.000000 0.455115 0.455115 0.455115
"}
object={
	name="special_colosseum"
	clamp_to_water_level=no
	render_under_water=yes
	generated_content=no
	layer="temp_layer"
	pdxmesh="building_special_colosseum_mesh"
	count=1
	transform="2425.500000 0.500000 1160.000000 0.000000 0.000000 0.000000 0.000000 0.500000 0.500000 0.500000
"}
object={
	name="special_great_mosque_of_djenne"
	clamp_to_water_level=no
	render_under_water=yes
	generated_content=no
	layer="temp_layer"
	pdxmesh="building_special_great_mosque_of_djenne_mesh"
	count=1
	transform="2326.207764 0.000000 2074.832764 0.000000 -0.556231 0.000000 0.831028 0.349268 0.349268 0.349268
"}
object={
	name="special_great_mosque_of_mecca"
	clamp_to_water_level=no
	render_under_water=yes
	generated_content=no
	layer="temp_layer"
	pdxmesh="building_special_great_mosque_of_mecca_mesh"
	count=1
	transform="1274.503296 -4.020142 848.477661 0.000000 0.895421 0.000000 0.445221 1.407765 1.407765 1.407765
"}
object={
	name="special_notre_dame"
	clamp_to_water_level=no
	render_under_water=yes
	generated_content=no
	layer="temp_layer"
	pdxmesh="building_special_notre_dame_mesh"
	count=1
	transform="2186.224854 0.000000 1950.733521 0.000000 -0.910819 0.000000 0.412806 0.747082 0.747082 0.747082
"}
object={
	name="special_palace_of_aachen"
	clamp_to_water_level=no
	render_under_water=yes
	generated_content=no
	layer="temp_layer"
	pdxmesh="building_special_palace_of_aachen_mesh"
	count=0
}
object={
	name="special_pyramids_giza"
	clamp_to_water_level=no
	render_under_water=yes
	generated_content=no
	layer="temp_layer"
	pdxmesh="building_special_pyramids_giza_mesh"
	count=6
	transform="190.194351 0.031250 659.527100 0.000000 0.710252 0.000000 0.703948 1.000000 1.000000 1.000000
185.220657 -1.827026 670.753418 0.000000 0.000000 0.000000 1.000000 1.000000 1.000000 1.000000
186.354721 -3.956421 675.358276 0.000000 0.000000 0.000000 1.000000 1.000000 1.000000 1.000000
194.323257 -9.718384 559.373535 0.000000 0.385657 0.000000 0.922642 2.547559 2.547559 2.547559
254.259064 -4.795349 395.912109 0.000000 0.998937 0.000000 -0.046093 2.627389 2.627389 2.627389
265.701721 -9.276276 402.594818 0.000000 0.998937 0.000000 -0.046093 2.627389 2.627389 2.627389
"}
object={
	name="special_stonehenge"
	clamp_to_water_level=no
	render_under_water=yes
	generated_content=no
	layer="temp_layer"
	pdxmesh="building_special_stonehenge_mesh"
	count=4
	transform="3406.033691 0.000000 1789.128784 0.000000 0.000000 0.000000 1.000000 0.536184 0.536184 0.536184
3353.406006 -0.196411 1766.645874 0.000000 0.773593 0.000000 0.633683 0.360205 0.360205 0.360205
3204.465820 0.000000 1745.091431 0.000000 0.000000 0.000000 1.000000 0.310107 0.310107 0.310107
3085.382812 0.000000 1760.402954 0.000000 -0.791506 0.000000 0.611162 0.547791 0.547791 0.547791
"}
object={
	name="special_tower_of_london"
	clamp_to_water_level=no
	render_under_water=yes
	generated_content=no
	layer="temp_layer"
	pdxmesh="building_special_tower_of_london_mesh"
	count=0
}
